1.5 50.594497726868
1.51 50.102238345883
1.52 49.626998111304
1.53 49.16835394694
1.54 48.725882776601
1.55 48.299161524089
1.56 47.887767113211
1.57 47.49127646778
1.58 47.109266511596
1.59 46.741314168474
1.6 46.386996362215
1.61 46.045882654217
1.62 45.717513156237
1.63 45.40142061762
1.64 45.097137787712
1.65 44.80419741586
1.66 44.522132251405
1.67 44.250475043696
1.68 43.98875854208
1.69 43.736515495899
1.7 43.493278654501
1.71 43.258617579283
1.72 43.032249079845
1.73 42.813926777841
1.74 42.603404294923
1.75 42.400435252751
1.76 42.204773272971
1.77 42.016171977237
1.78 41.834384987206
1.79 41.65916592453
1.8 41.490268410861
1.81 41.327455361376
1.82 41.170526865333
1.83 41.019292305516
1.84 40.873561064705
1.85 40.733142525682
1.86 40.597846071233
1.87 40.467481084136
1.88 40.341856947173
1.89 40.220783043127
1.9 40.104068754783
1.91 39.991533157517
1.92 39.883034097116
1.93 39.778439111957
1.94 39.677615740425
1.95 39.580431520903
1.96 39.486753991768
1.97 39.396450691403
1.98 39.309389158192
1.99 39.225436930514
2 39.144461546753
2.01 39.066336538173
2.02 38.990959407568
2.03 38.918233650621
2.04 38.848062763007
2.05 38.780350240411
2.06 38.714999578508
2.07 38.65191427298
2.08 38.590997819504
2.09 38.532153713759
2.1 38.475285451428
2.11 38.420301339459
2.12 38.367128929879
2.13 38.31570058599
2.14 38.265948671095
2.15 38.217805548488
2.16 38.171203581474
2.17 38.126075133349
2.18 38.082352567417
2.19 38.039968246975
2.2 37.998854535324
2.21 37.958947437679
2.22 37.920197526913
2.23 37.882559017817
2.24 37.845986125182
2.25 37.810433063797
2.26 37.775854048451
2.27 37.742203293936
2.28 37.70943501504
2.29 37.677503426552
2.3 37.646362743265
2.31 37.615969966531
2.32 37.586293243974
2.33 37.557303509782
2.34 37.528971698141
2.35 37.501268743238
2.36 37.474165579262
2.37 37.4476331404
2.38 37.421642360838
2.39 37.396164174768
2.4 37.371169516373
2.41 37.346631299236
2.42 37.322530354513
2.43 37.298849492755
2.44 37.275571524511
2.45 37.252679260327
2.46 37.23015551076
2.47 37.207983086352
2.48 37.18614479766
2.49 37.164623455229
2.5 37.143401869612
2.51 37.122464128904
2.52 37.101799431401
2.53 37.081398252945
2.54 37.061251069377
2.55 37.041348356539
2.56 37.021680590272
2.57 37.002238246422
2.58 36.983011800827
2.59 36.963991729335
2.6 36.94516850778
2.61 36.92653335051
2.62 36.908080425873
2.63 36.889804640715
2.64 36.871700901884
2.65 36.853764116232
2.66 36.835989190606
2.67 36.818371031853
2.68 36.800904546822
2.69 36.78358464236
2.7 36.766406225318
2.71 36.749364590667
2.72 36.732456585877
2.73 36.715679446534
2.74 36.699030408236
2.75 36.682506706572
2.76 36.666105577135
2.77 36.649824255514
2.78 36.633659977303
2.79 36.617609978094
2.8 36.601671493477
2.81 36.585841949511
2.82 36.570119534103
2.83 36.554502625632
2.84 36.538989602474
2.85 36.523578843005
2.86 36.5082687256
2.87 36.493057628637
2.88 36.477943930489
2.89 36.462926009536
2.9 36.448002244151
2.91 36.433171102781
2.92 36.418431414149
2.93 36.403782097058
2.94 36.389222070295
2.95 36.374750252663
2.96 36.360365562953
2.97 36.346066919963
2.98 36.33185324249
2.99 36.317723449326
3 36.303676459271
3.01 36.289711234128
3.02 36.275826907733
3.03 36.262022656935
3.04 36.248297658579
3.05 36.234651089514
3.06 36.221082126587
3.07 36.207589946641
3.08 36.194173726525
3.09 36.180832643086
3.1 36.16756587317
3.11 36.15437261637
3.12 36.141252163255
3.13 36.128203827141
3.14 36.115226921348
3.15 36.102320759188
3.16 36.089484653977
3.17 36.076717919036
3.18 36.064019867675
3.19 36.051389813216
3.2 36.03882706897
3.21 36.026330963822
3.22 36.013900888915
3.23 36.001536250959
3.24 35.989236456667
3.25 35.977000912744
3.26 35.964829025905
3.27 35.952720202857
3.28 35.940673850311
3.29 35.928689374975
3.3 35.916766183564
3.31 35.904903696853
3.32 35.8931013919
3.33 35.881358759827
3.34 35.86967529176
3.35 35.858050478826
3.36 35.846483812149
3.37 35.834974782851
3.38 35.823522882059
3.39 35.8121276009
3.4 35.800788430496
3.41 35.789504875984
3.42 35.778276498532
3.43 35.76710287333
3.44 35.755983575556
3.45 35.744918180399
3.46 35.733906263037
3.47 35.722947398656
3.48 35.712041162439
3.49 35.701187129571
3.5 35.690384875231
3.51 35.67963398782
3.52 35.668934108583
3.53 35.658284891985
3.54 35.647685992489
3.55 35.637137064555
3.56 35.626637762644
3.57 35.616187741221
3.58 35.60578665475
3.59 35.595434157687
3.6 35.5851299045
3.61 35.574873560311
3.62 35.564664832898
3.63 35.554503440699
3.64 35.544389102157
3.65 35.534321535709
3.66 35.524300459792
3.67 35.51432559285
3.68 35.504396653323
3.69 35.494513359647
3.7 35.484675430262
3.71 35.47488259085
3.72 35.465134596037
3.73 35.455431207699
3.74 35.445772187704
3.75 35.436157297922
3.76 35.426586300224
3.77 35.417058956481
3.78 35.407575028562
3.79 35.398134278341
3.8 35.388736467683
3.81 35.379381362246
3.82 35.370068742831
3.83 35.360798394015
3.84 35.351570100384
3.85 35.342383646518
3.86 35.333238817005
3.87 35.324135396419
3.88 35.315073169351
3.89 35.306051920378
3.9 35.297071434087
3.91 35.28813149627
3.92 35.279231897571
3.93 35.27037242985
3.94 35.261552884959
3.95 35.252773054757
3.96 35.244032731101
3.97 35.235331705846
3.98 35.226669770853
3.99 35.218046717972
4 35.209462339065
4.01 35.200916426392
4.02 35.192408773852
4.03 35.183939175742
4.04 35.175507426362
4.05 35.167113320017
4.06 35.158756651006
4.07 35.150437213633
4.08 35.142154802195
4.09 35.133909210994
4.1 35.125700234333
4.11 35.117527666513
4.12 35.109391301833
4.13 35.1012909346
4.14 35.093226359107
4.15 35.085197369658
4.16 35.077203760557
4.17 35.069245326103
4.18 35.061321860598
4.19 35.053433158345
4.2 35.045579013639
4.21 35.037759220787
4.22 35.029973574087
4.23 35.022221867842
4.24 35.014503896352
4.25 35.00681945392
4.26 34.999168336275
4.27 34.991550344869
4.28 34.983965282587
4.29 34.97641295231
4.3 34.968893156918
4.31 34.961405699294
4.32 34.953950382321
4.33 34.94652700888
4.34 34.939135381855
4.35 34.931775304126
4.36 34.924446578576
4.37 34.917149008087
4.38 34.909882395538
4.39 34.90264654382
4.4 34.895441255804
4.41 34.888266334382
4.42 34.881121582427
4.43 34.874006802831
4.44 34.866921798468
4.45 34.859866372221
4.46 34.852840326976
4.47 34.845843465614
4.48 34.838875591014
4.49 34.831936506063
4.5 34.825026013637
4.51 34.818143924646
4.52 34.81129008209
4.53 34.804464336984
4.54 34.797666540358
4.55 34.79089654323
4.56 34.784154196622
4.57 34.777439351557
4.58 34.770751859058
4.59 34.764091570145
4.6 34.757458335839
4.61 34.750852007165
4.62 34.744272435145
4.63 34.7377194708
4.64 34.731192965151
4.65 34.724692769222
4.66 34.718218734033
4.67 34.711770710607
4.68 34.705348549967
4.69 34.698952103133
4.7 34.692581221129
4.71 34.686235754975
4.72 34.679915555697
4.73 34.673620474312
4.74 34.667350361844
4.75 34.661105069318
4.76 34.654884447749
4.77 34.648688348167
4.78 34.64251662159
4.79 34.636369119041
4.8 34.630245691538
4.81 34.624146190111
4.82 34.618070465775
4.83 34.612018369555
4.84 34.605989752475
4.85 34.599984465551
4.86 34.594002359811
4.87 34.588043286274
4.88 34.582107095964
4.89 34.576193639903
4.9 34.57030276911
4.91 34.564434334609
4.92 34.558588187422
4.93 34.552764178569
4.94 34.546962159079
4.95 34.541181979966
4.96 34.535423492256
4.97 34.529686546969
4.98 34.523970995127
4.99 34.518276687757
5 34.512603475875
5.01 34.506951221624
5.02 34.50131983163
5.03 34.495709223631
5.04 34.490119315371
5.05 34.484550024593
5.06 34.479001269036
5.07 34.473472966446
5.08 34.46796503456
5.09 34.462477391123
5.1 34.457009953879
5.11 34.451562640567
5.12 34.446135368929
5.13 34.44072805671
5.14 34.43534062165
5.15 34.429972981491
5.16 34.424625053975
5.17 34.419296756844
5.18 34.413988007842
5.19 34.408698724709
5.2 34.403428825186
5.21 34.39817822702
5.22 34.392946847948
5.23 34.387734605715
5.24 34.382541418061
5.25 34.377367202729
5.26 34.372211877461
5.27 34.367075359999
5.28 34.361957568086
5.29 34.356858419463
5.3 34.351777831873
5.31 34.346715723058
5.32 34.341672010758
5.33 34.336646612717
5.34 34.331639446676
5.35 34.326650430379
5.36 34.321679481566
5.37 34.316726517981
5.38 34.311791457365
5.39 34.306874217461
5.4 34.301974716008
5.41 34.29709287075
5.42 34.292228599431
5.43 34.287381819789
5.44 34.282552449572
5.45 34.277740406515
5.46 34.272945608366
5.47 34.268167972864
5.48 34.263407417751
5.49 34.25866386077
5.5 34.253937219663
5.51 34.249227412171
5.52 34.244534356038
5.53 34.239857969006
5.54 34.235198168816
5.55 34.230554873209
5.56 34.22592799993
5.57 34.221317466716
5.58 34.216723191315
5.59 34.212145091466
5.6 34.207583084912
5.61 34.203037089395
5.62 34.198507022656
5.63 34.193992802436
5.64 34.189494346483
5.65 34.185011572532
5.66 34.180544398329
5.67 34.176092741615
5.68 34.171656520132
5.69 34.167235651622
5.7 34.162830053829
5.71 34.158439644489
5.72 34.154064341354
5.73 34.149704062157
5.74 34.145358724643
5.75 34.141028246556
5.76 34.136712545638
5.77 34.132411539628
5.78 34.12812514627
5.79 34.123853283308
5.8 34.11959586848
5.81 34.115352819531
5.82 34.111124054202
5.83 34.106909490234
5.84 34.102709045372
5.85 34.098522637356
5.86 34.094350183929
5.87 34.09019160283
5.88 34.086046811806
5.89 34.081915728596
5.9 34.077798270942
5.91 34.073694356589
5.92 34.069603903274
5.93 34.065526828745
5.94 34.061463050738
5.95 34.057412487001
5.96 34.053375055272
5.97 34.049350673293
5.98 34.04533925881
5.99 34.041340729559
6 34.037355003288
6.01 34.033382003892
6.02 34.029421679892
6.03 34.025473985967
6.04 34.021538876795
6.05 34.017616307051
6.06 34.013706231418
6.07 34.009808604566
6.08 34.005923381178
6.09 34.002050515929
6.1 33.998189963498
6.11 33.994341678564
6.12 33.9905056158
6.13 33.986681729886
6.14 33.982869975501
6.15 33.979070307319
6.16 33.975282680021
6.17 33.971507048281
6.18 33.967743366781
6.19 33.963991590196
6.2 33.960251673204
6.21 33.956523570484
6.22 33.952807236709
6.23 33.949102626562
6.24 33.945409694715
6.25 33.941728395851
6.26 33.938058684643
6.27 33.934400515773
6.28 33.930753843914
6.29 33.927118623749
6.3 33.923494809949
6.31 33.919882357196
6.32 33.916281220167
6.33 33.912691353538
6.34 33.909112711987
6.35 33.905545250192
6.36 33.901988922831
6.37 33.89844368458
6.38 33.894909490119
6.39 33.891386294124
6.4 33.887874051272
6.41 33.884372716242
6.42 33.880882243709
6.43 33.877402588355
6.44 33.873933704853
6.45 33.870475547881
6.46 33.86702807212
6.47 33.863591232244
6.48 33.860164982934
6.49 33.856749278865
6.5 33.853344074714
6.51 33.849949325162
6.52 33.846564984881
6.53 33.843191008554
6.54 33.839827350855
6.55 33.836473966463
6.56 33.833130810056
6.57 33.829797836309
6.58 33.826474999903
6.59 33.823162255514
6.6 33.819859557818
6.61 33.816566861496
6.62 33.813284121223
6.63 33.810011291677
6.64 33.806748327534
6.65 33.803495183477
6.66 33.800251814176
6.67 33.797018174315
6.68 33.793794218566
6.69 33.790579901612
6.7 33.787375178127
6.71 33.784180002788
6.72 33.780994330277
6.73 33.777818115266
6.74 33.774651312435
6.75 33.771493876463
6.76 33.768345762025
6.77 33.765206923802
6.78 33.762077316466
6.79 33.758956894699
6.8 33.755845613178
6.81 33.752743426579
6.82 33.749650289583
6.83 33.746566156861
6.84 33.743490983096
6.85 33.740424722965
6.86 33.737367331143
6.87 33.734318762312
6.88 33.731278971143
6.89 33.728247912321
6.9 33.725225540518
6.91 33.722211810411
6.92 33.719206676683
6.93 33.716210094005
6.94 33.713222017062
6.95 33.710242400525
6.96 33.707271199073
6.97 33.704308367386
6.98 33.701353860141
6.99 33.698407632014
7 33.695469637682
7.01 33.692539834899
7.02 33.689618193707
7.03 33.686704687229
7.04 33.683799288586
7.05 33.680901970893
7.06 33.678012707276
7.07 33.675131470848
7.08 33.672258234731
7.09 33.669392972047
7.1 33.666535655913
7.11 33.66368625945
7.12 33.660844755781
7.13 33.65801111802
7.14 33.655185319287
7.15 33.652367332706
7.16 33.649557131395
7.17 33.646754688471
7.18 33.643959977059
7.19 33.641172970275
7.2 33.638393641238
7.21 33.635621963069
7.22 33.63285790889
7.23 33.630101451816
7.24 33.627352564972
7.25 33.624611221475
7.26 33.621877394443
7.27 33.619151056998
7.28 33.61643218226
7.29 33.613720743346
7.3 33.611016713379
7.31 33.608320065477
7.32 33.605630772761
7.33 33.602948808351
7.34 33.600274145365
7.35 33.597606756921
7.36 33.594946616142
7.37 33.592293696147
7.38 33.589647970055
7.39 33.587009410988
7.4 33.584377992063
7.41 33.581753686401
7.42 33.57913646712
7.43 33.576526307343
7.44 33.573923180185
7.45 33.571327058772
7.46 33.568737916217
7.47 33.566155725645
7.48 33.563580460173
7.49 33.561012092922
7.5 33.558450597012
7.51 33.555895945559
7.52 33.553348111688
7.53 33.550807068516
7.54 33.548272789164
7.55 33.545745246749
7.56 33.543224414395
7.57 33.540710265217
7.58 33.538202772335
7.59 33.535701908874
7.6 33.53320764795
7.61 33.530719962682
7.62 33.528238826193
7.63 33.525764211599
7.64 33.523296092021
7.65 33.520834440579
7.66 33.518379230393
7.67 33.515930434584
7.68 33.513488026269
7.69 33.511051978569
7.7 33.508622264602
7.71 33.506198857491
7.72 33.503781730354
7.73 33.501370856311
7.74 33.498966208482
7.75 33.496567759985
7.76 33.494175483942
7.77 33.491789353471
7.78 33.489409341694
7.79 33.487035421728
7.8 33.484667566695
7.81 33.48230574971
7.82 33.4799499439
7.83 33.47760012238
7.84 33.47525625827
7.85 33.472918324693
7.86 33.470586294763
7.87 33.468260141605
7.88 33.465939838336
7.89 33.463625358076
7.9 33.461316673947
7.91 33.459013759066
7.92 33.456716586553
7.93 33.454425129527
7.94 33.452139361112
7.95 33.449859254422
7.96 33.447584782583
7.97 33.445315918707
7.98 33.443052635922
7.99 33.44079490734
8 33.438542706086
8.01 33.436296007174
8.02 33.4340547932
8.03 33.431819048658
8.04 33.429588758036
8.05 33.427363905833
8.06 33.425144476538
8.07 33.42293045464
8.08 33.420721824638
8.09 33.41851857102
8.1 33.416320678278
8.11 33.414128130909
8.12 33.411940913401
8.13 33.409759010247
8.14 33.407582405941
8.15 33.405411084976
8.16 33.403245031841
8.17 33.401084231029
8.18 33.398928667034
8.19 33.396778324349
8.2 33.394633187465
8.21 33.392493240876
8.22 33.390358469074
8.23 33.388228856547
8.24 33.386104387793
8.25 33.3839850473
8.26 33.381870819565
8.27 33.379761689078
8.28 33.37765764033
8.29 33.375558657817
8.3 33.373464726029
8.31 33.371375829456
8.32 33.369291952595
8.33 33.367213079935
8.34 33.365139195971
8.35 33.363070285195
8.36 33.361006332097
8.37 33.358947321171
8.38 33.35689323691
8.39 33.354844063804
8.4 33.352799786349
8.41 33.350760389033
8.42 33.348725856354
8.43 33.346696172797
8.44 33.344671322862
8.45 33.342651291037
8.46 33.340636061815
8.47 33.338625619688
8.48 33.33661994915
8.49 33.334619034692
8.5 33.332622860808
8.51 33.330631411988
8.52 33.328644672727
8.53 33.326662627514
8.54 33.324685260844
8.55 33.32271255721
8.56 33.320744501103
8.57 33.318781077014
8.58 33.316822269439
8.59 33.314868062867
8.6 33.31291844179
8.61 33.310973390706
8.62 33.309032894099
8.63 33.307096936469
8.64 33.305165502304
8.65 33.303238576097
8.66 33.301316142343
8.67 33.299398185531
8.68 33.297484690154
8.69 33.295575640706
8.7 33.293671021679
8.71 33.291770817564
8.72 33.289875012855
8.73 33.287983592044
8.74 33.286096539621
8.75 33.284213840081
8.76 33.282335477919
8.77 33.280461437621
8.78 33.278591703683
8.79 33.276726260596
8.8 33.274865092854
8.81 33.27300818495
8.82 33.271155521375
8.83 33.26930708662
8.84 33.267462865179
8.85 33.265622841545
8.86 33.263787000209
8.87 33.261955325665
8.88 33.260127802402
8.89 33.258304414917
8.9 33.2564851477
8.91 33.254669985242
8.92 33.252858912041
8.93 33.251051912582
8.94 33.249248971358
8.95 33.247450072868
8.96 33.245655201599
8.97 33.243864342046
8.98 33.242077478699
8.99 33.240294596054
9 33.238515678598
9.01 33.236740711236
9.02 33.234969680507
9.03 33.233202573355
9.04 33.231439376729
9.05 33.229680077574
9.06 33.227924662842
9.07 33.226173119475
9.08 33.224425434422
9.09 33.222681594629
9.1 33.220941587045
9.11 33.219205398617
9.12 33.217473016289
9.13 33.215744427011
9.14 33.214019617731
9.15 33.212298575394
9.16 33.210581286946
9.17 33.208867739335
9.18 33.207157919509
9.19 33.205451814416
9.2 33.203749411001
9.21 33.202050696213
9.22 33.200355656996
9.23 33.198664280302
9.24 33.19697655307
9.25 33.195292462257
9.26 33.193611994802
9.27 33.191935137657
9.28 33.190261877766
9.29 33.18859220208
9.3 33.186926097541
9.31 33.185263551099
9.32 33.183604549702
9.33 33.181949080294
9.34 33.180297129825
9.35 33.17864868524
9.36 33.177003733486
9.37 33.175362261514
9.38 33.173724256267
9.39 33.172089704692
9.4 33.170458593737
9.41 33.168830910351
9.42 33.167206641479
9.43 33.165585774068
9.44 33.163968295065
9.45 33.16235419142
9.46 33.160743450076
9.47 33.159136057979
9.48 33.157532002083
9.49 33.155931269329
9.5 33.154333846668
9.51 33.152739721042
9.52 33.151148879402
9.53 33.149561308694
9.54 33.147976995866
9.55 33.146395927865
9.56 33.144818091638
9.57 33.143243474131
9.58 33.141672062289
9.59 33.140103843063
9.6 33.138538803401
9.61 33.136976930246
9.62 33.135418210547
9.63 33.133862631252
9.64 33.132310179304
9.65 33.130760841656
9.66 33.129214605251
9.67 33.127671457036
9.68 33.126131383961
9.69 33.124594372972
9.7 33.123060411017
9.71 33.121529485038
9.72 33.120001581985
9.73 33.118476688808
9.74 33.116954792451
9.75 33.115435879863
9.76 33.113919937989
9.77 33.112406953777
9.78 33.110896914174
9.79 33.109389806127
9.8 33.107885616583
9.81 33.106384332491
9.82 33.104885940795
9.83 33.103390428445
9.84 33.101897782384
9.85 33.100407989561
9.86 33.098921036925
9.87 33.097436911424
9.88 33.095955600001
9.89 33.094477089604
9.9 33.093001367183
9.91 33.09152841968
9.92 33.090058234046
9.93 33.08859079723
9.94 33.087126096173
9.95 33.085664117827
9.96 33.084204849137
9.97 33.082748277048
9.98 33.081294388514
9.99 33.079843170475
10 33.078394609881
10.01 33.076948695154
10.02 33.075505420621
10.03 33.074064782081
10.04 33.072626775333
10.05 33.071191396178
10.06 33.069758640417
10.07 33.068328503852
10.08 33.066900982284
10.09 33.06547607151
10.1 33.064053767334
10.11 33.062634065554
10.12 33.061216961972
10.13 33.059802452388
10.14 33.058390532601
10.15 33.056981198413
10.16 33.055574445628
10.17 33.054170270041
10.18 33.052768667454
10.19 33.051369633668
10.2 33.049973164487
10.21 33.048579255704
10.22 33.047187903126
10.23 33.045799102551
10.24 33.044412849781
10.25 33.043029140614
10.26 33.041647970852
10.27 33.040269336296
10.28 33.038893232744
10.29 33.037519656
10.3 33.036148601864
10.31 33.034780066133
10.32 33.033414044611
10.33 33.032050533098
10.34 33.030689527394
10.35 33.029331023298
10.36 33.027975016613
10.37 33.02662150314
10.38 33.025270478678
10.39 33.023921939026
10.4 33.022575879986
10.41 33.021232297362
10.42 33.019891186949
10.43 33.018552544549
10.44 33.017216365963
10.45 33.015882646995
10.46 33.014551383438
10.47 33.0132225711
10.48 33.011896205777
10.49 33.010572283272
10.5 33.009250799384
10.51 33.007931749913
10.52 33.006615130661
10.53 33.005300937429
10.54 33.003989166016
10.55 33.002679812223
10.56 33.001372871851
10.57 33.000068340699
10.58 32.998766214568
10.59 32.997466489263
10.6 32.996169160575
10.61 32.994874224315
10.62 32.993581676276
10.63 32.992291512262
10.64 32.991003728074
10.65 32.989718319508
10.66 32.98843528237
10.67 32.98715461246
10.68 32.985876305576
10.69 32.984600357516
10.7 32.983326764087
10.71 32.982055521087
10.72 32.980786624314
10.73 32.979520069572
10.74 32.978255852658
10.75 32.976993969377
10.76 32.975734415526
10.77 32.974477186904
10.78 32.973222279318
10.79 32.971969688564
10.8 32.97071941044
10.81 32.969471440754
10.82 32.9682257753
10.83 32.96698240988
10.84 32.965741340296
10.85 32.964502562348
10.86 32.963266071836
10.87 32.96203186456
10.88 32.960799936322
10.89 32.959570282924
10.9 32.958342900162
10.91 32.957117783838
10.92 32.955894929756
10.93 32.954674333713
10.94 32.95345599151
10.95 32.952239898946
10.96 32.951026051827
10.97 32.94981444595
10.98 32.948605077112
10.99 32.947397941121
11 32.946193033772
11.01 32.944990350867
11.02 32.943789888207
11.03 32.942591641593
11.04 32.941395606821
11.05 32.9402017797
11.06 32.939010156022
11.07 32.937820731594
11.08 32.936633502212
11.09 32.93544846368
11.1 32.934265611796
11.11 32.933084942359
11.12 32.931906451176
11.13 32.930730134043
11.14 32.929555986759
11.15 32.928384005126
11.16 32.927214184946
11.17 32.926046522018
11.18 32.924881012145
11.19 32.923717651123
11.2 32.922556434757
11.21 32.921397358845
11.22 32.920240419187
11.23 32.919085611585
11.24 32.917932931842
11.25 32.916782375751
11.26 32.915633939121
11.27 32.914487617748
11.28 32.913343407431
11.29 32.912201303976
11.3 32.911061303179
11.31 32.909923400843
11.32 32.908787592765
11.33 32.907653874748
11.34 32.906522242595
11.35 32.905392692102
11.36 32.904265219071
11.37 32.903139819305
11.38 32.9020164886
11.39 32.90089522276
11.4 32.899776017587
11.41 32.898658868876
11.42 32.897543772431
11.43 32.896430724054
11.44 32.895319719541
11.45 32.894210754697
11.46 32.89310382532
11.47 32.891998927213
11.48 32.890896056171
11.49 32.889795208003
11.5 32.888696378502
11.51 32.887599563472
11.52 32.886504758712
11.53 32.885411960022
11.54 32.884321163208
11.55 32.883232364064
11.56 32.882145558393
11.57 32.881060741994
11.58 32.879977910671
11.59 32.878897060222
11.6 32.87781818645
11.61 32.876741285151
11.62 32.875666352129
11.63 32.874593383183
11.64 32.873522374113
11.65 32.872453320723
11.66 32.87138621881
11.67 32.870321064177
11.68 32.869257852622
11.69 32.868196579946
11.7 32.867137241953
11.71 32.866079834437
11.72 32.865024353206
11.73 32.863970794054

