1.500    21.4366583802
1.510    20.8344276693
1.520    20.2475152781
1.530    19.6755198148
1.540    19.1180398879
1.550    18.5746741059
1.560    18.0450348802
1.570    17.5287898360
1.580    17.0256204015
1.590    16.5352080050
1.600    16.0572340747
1.610    15.5913929937
1.620    15.1374309638
1.630    14.6951071416
1.640    14.2641806836
1.650    13.8444107465
1.660    13.4355564869
1.670    13.0373770612
1.680    12.6496316262
1.690    12.2720793384
1.700    11.9044793543
1.710    11.5465985686
1.720    11.1982348277
1.730    10.8591937162
1.740    10.5292808184
1.750    10.2083017190
1.760     9.8960620023
1.770     9.5923672528
1.780     9.2970230551
1.790     9.0098349936
1.800     8.7306086528
1.810     8.4591539099
1.820     8.1952978134
1.830     7.9388717042
1.840     7.6897069236
1.850     7.4476348126
1.860     7.2124867123
1.870     6.9840939639
1.880     6.7622879085
1.890     6.5468998872
1.900     6.3377612412
1.910     6.1347078408
1.920     5.9375936744
1.930     5.7462772596
1.940     5.5606171140
1.950     5.3804717552
1.960     5.2056997008
1.970     5.0361594685
1.980     4.8717095759
1.990     4.7122085406
2.000     4.5575148803
2.010     4.4074915459
2.020     4.2620192222
2.030     4.1209830272
2.040     3.9842680791
2.050     3.8517594958
2.060     3.7233423956
2.070     3.5989018965
2.080     3.4783231166
2.090     3.3614911739
2.100     3.2482911866
2.110     3.1386124029
2.120     3.0323605916
2.130     2.9294456517
2.140     2.8297774822
2.150     2.7332659819
2.160     2.6398210500
2.170     2.5493525853
2.180     2.4617704868
2.190     2.3769846534
2.200     2.2949049842
2.210     2.2154448983
2.220     2.1385318953
2.230     2.0640969953
2.240     1.9920712181
2.250     1.9223855835
2.260     1.8549711116
2.270     1.7897588222
2.280     1.7266797352
2.290     1.6656648705
2.300     1.6066452481
2.310     1.5495546968
2.320     1.4943382818
2.330     1.4409438775
2.340     1.3893193580
2.350     1.3394125975
2.360     1.2911714704
2.370     1.2445438509
2.380     1.1994776131
2.390     1.1559206314
2.400     1.1138207800
2.410     1.0731281377
2.420     1.0338016017
2.430     0.9958022738
2.440     0.9590912558
2.450     0.9236296495
2.460     0.8893785567
2.470     0.8562990792
2.480     0.8243523188
2.490     0.7934993772
2.500     0.7637013562
2.510     0.7349210606
2.520     0.7071281064
2.530     0.6802938127
2.540     0.6543894985
2.550     0.6293864827
2.560     0.6052560844
2.570     0.5819696227
2.580     0.5594984164
2.590     0.5378137847
2.600     0.5168870465
2.610     0.4966908096
2.620     0.4772028366
2.630     0.4584021788
2.640     0.4402678876
2.650     0.4227790143
2.660     0.4059146104
2.670     0.3896537271
2.680     0.3739754158
2.690     0.3588587278
2.700     0.3442827145
2.710     0.3302273890
2.720     0.3166766109
2.730     0.3036152016
2.740     0.2910279827
2.750     0.2788997755
2.760     0.2672154014
2.770     0.2559596818
2.780     0.2451174382
2.790     0.2346734920
2.800     0.2246126645
2.810     0.2149204871
2.820     0.2055853303
2.830     0.1965962748
2.840     0.1879424010
2.850     0.1796127893
2.860     0.1715965204
2.870     0.1638826746
2.880     0.1564603326
2.890     0.1493185748
2.900     0.1424464816
2.910     0.1358336526
2.920     0.1294717627
2.930     0.1233530058
2.940     0.1174695760
2.950     0.1118136671
2.960     0.1063774730
2.970     0.1011531878
2.980     0.0961330052
2.990     0.0913091194
3.000     0.0866737241
3.010     0.0822193888
3.020     0.0779401853
3.030     0.0738305607
3.040     0.0698849622
3.050     0.0660978370
3.060     0.0624636323
3.070     0.0589767953
3.080     0.0556317731
3.090     0.0524230131
3.100     0.0493449623
3.110     0.0463923386
3.120     0.0435609428
3.130     0.0408468461
3.140     0.0382461199
3.150     0.0357548355
3.160     0.0333690643
3.170     0.0310848776
3.180     0.0288983468
3.190     0.0268055431
3.200     0.0248025380
3.210     0.0228855976
3.220     0.0210517674
3.230     0.0192982879
3.240     0.0176223994
3.250     0.0160213422
3.260     0.0144923568
3.270     0.0130326835
3.280     0.0116395627
3.290     0.0103102347
3.300     0.0090419400
3.310     0.0078320582
3.320     0.0066785259
3.330     0.0055794191
3.340     0.0045328135
3.350     0.0035367852
3.360     0.0025894100
3.370     0.0016887639
3.380     0.0008329226
3.390     0.0000199622
3.400    -0.0007520415
3.410    -0.0014849136
3.420    -0.0021800836
3.430    -0.0028388819
3.440    -0.0034626391
3.450    -0.0040526855
3.460    -0.0046103518
3.470    -0.0051369684
3.480    -0.0056338657
3.490    -0.0061023743
3.500    -0.0065438247
3.510    -0.0069594777
3.520    -0.0073503163
3.530    -0.0077172537
3.540    -0.0080612033
3.550    -0.0083830782
3.560    -0.0086837919
3.570    -0.0089642575
3.580    -0.0092253884
3.590    -0.0094680979
3.600    -0.0096932993
3.610    -0.0099018564
3.620    -0.0100944347
3.630    -0.0102716504
3.640    -0.0104341197
3.650    -0.0105824586
3.660    -0.0107172833
3.670    -0.0108392099
3.680    -0.0109488544
3.690    -0.0110468331
3.700    -0.0111337620
3.710    -0.0112102215
3.720    -0.0112766491
3.730    -0.0113334620
3.740    -0.0113811408
3.750    -0.0114201605
3.760    -0.0114509109
3.770    -0.0114737688
3.780    -0.0114891429
3.790    -0.0114974458
3.800    -0.0114990750
3.810    -0.0114944043
3.820    -0.0114837260
3.830    -0.0114673123
3.840    -0.0114454354
3.850    -0.0114183675
3.860    -0.0113863807
3.870    -0.0113497472
3.880    -0.0113087393
3.890    -0.0112636291
3.900    -0.0112146887
3.910    -0.0111621777
3.920    -0.0111063047
3.930    -0.0110472657
3.940    -0.0109852567
3.950    -0.0109204736
3.960    -0.0108531124
3.970    -0.0107833690
3.980    -0.0107114394
3.990    -0.0106375196
4.000    -0.0105618056
4.010    -0.0104844739
4.020    -0.0104056241
4.030    -0.0103253361
4.040    -0.0102436900
4.050    -0.0101607659
4.060    -0.0100766439
4.070    -0.0099914041
4.080    -0.0099051265
4.090    -0.0098178912
4.100    -0.0097297782
4.110    -0.0096408678
4.120    -0.0095512398
4.130    -0.0094609744
4.140    -0.0093701517
4.150    -0.0092788518
4.160    -0.0091871547
4.170    -0.0090951404
4.180    -0.0090028892
4.190    -0.0089104809
4.200    -0.0088179958
4.210    -0.0087255139
4.220    -0.0086331153
4.230    -0.0085408799
4.240    -0.0084488880
4.250    -0.0083572196
4.260    -0.0082659441
4.270    -0.0081750883
4.280    -0.0080846685
4.290    -0.0079947009
4.300    -0.0079052016
4.310    -0.0078161868
4.320    -0.0077276728
4.330    -0.0076396757
4.340    -0.0075522118
4.350    -0.0074652972
4.360    -0.0073789481
4.370    -0.0072931808
4.380    -0.0072080114
4.390    -0.0071234561
4.400    -0.0070395312
4.410    -0.0069562527
4.420    -0.0068736370
4.430    -0.0067917002
4.440    -0.0067104585
4.450    -0.0066299281
4.460    -0.0065501252
4.470    -0.0064710661
4.480    -0.0063927668
4.490    -0.0063152436
4.500    -0.0062385128
4.510    -0.0061625868
4.520    -0.0060874639
4.530    -0.0060131387
4.540    -0.0059396058
4.550    -0.0058668597
4.560    -0.0057948951
4.570    -0.0057237065
4.580    -0.0056532886
4.590    -0.0055836359
4.600    -0.0055147431
4.610    -0.0054466046
4.620    -0.0053792152
4.630    -0.0053125694
4.640    -0.0052466617
4.650    -0.0051814869
4.660    -0.0051170394
4.670    -0.0050533140
4.680    -0.0049903050
4.690    -0.0049280073
4.700    -0.0048664153
4.710    -0.0048055236
4.720    -0.0047453269
4.730    -0.0046858197
4.740    -0.0046269966
4.750    -0.0045688523
4.760    -0.0045113812
4.770    -0.0044545781
4.780    -0.0043984374
4.790    -0.0043429538
4.800    -0.0042881219
4.810    -0.0042339363
4.820    -0.0041803915
4.830    -0.0041274822
4.840    -0.0040752030
4.850    -0.0040235483
4.860    -0.0039725129
4.870    -0.0039220914
4.880    -0.0038722782
4.890    -0.0038230681
4.900    -0.0037744555
4.910    -0.0037264352
4.920    -0.0036790016
4.930    -0.0036321494
4.940    -0.0035858732
4.950    -0.0035401675
4.960    -0.0034950271
4.970    -0.0034504463
4.980    -0.0034064199
4.990    -0.0033629424
5.000    -0.0033200085
5.010    -0.0032776128
5.020    -0.0032357510
5.030    -0.0031944186
5.040    -0.0031536113
5.050    -0.0031133249
5.060    -0.0030735549
5.070    -0.0030342970
5.080    -0.0029955469
5.090    -0.0029573004
5.100    -0.0029195529
5.110    -0.0028823003
5.120    -0.0028455382
5.130    -0.0028092622
5.140    -0.0027734681
5.150    -0.0027381514
5.160    -0.0027033080
5.170    -0.0026689333
5.180    -0.0026350232
5.190    -0.0026015733
5.200    -0.0025685791
5.210    -0.0025360366
5.220    -0.0025039412
5.230    -0.0024722886
5.240    -0.0024410746
5.250    -0.0024102948
5.260    -0.0023799448
5.270    -0.0023500204
5.280    -0.0023205172
5.290    -0.0022914309
5.300    -0.0022627571
5.310    -0.0022344915
5.320    -0.0022066298
5.330    -0.0021791677
5.340    -0.0021521008
5.350    -0.0021254248
5.360    -0.0020991353
5.370    -0.0020732281
5.380    -0.0020476988
5.390    -0.0020225431
5.400    -0.0019977566
5.410    -0.0019733351
5.420    -0.0019492741
5.430    -0.0019255694
5.440    -0.0019022166
5.450    -0.0018792113
5.460    -0.0018565494
5.470    -0.0018342264
5.480    -0.0018122380
5.490    -0.0017905799
5.500    -0.0017692477
5.510    -0.0017482371
5.520    -0.0017275438
5.530    -0.0017071635
5.540    -0.0016870918
5.550    -0.0016673244
5.560    -0.0016478569
5.570    -0.0016286851
5.580    -0.0016098046
5.590    -0.0015912111
5.600    -0.0015729002
5.610    -0.0015548676
5.620    -0.0015371090
5.630    -0.0015196201
5.640    -0.0015023965
5.650    -0.0014854338
5.660    -0.0014687279
5.670    -0.0014522742
5.680    -0.0014360686
5.690    -0.0014201067
5.700    -0.0014043840
5.710    -0.0013888964
5.720    -0.0013736395
5.730    -0.0013586090
5.740    -0.0013438004
5.750    -0.0013292096
5.760    -0.0013148321
5.770    -0.0013006636
5.780    -0.0012866999
5.790    -0.0012729365
5.800    -0.0012593692
5.810    -0.0012459935
5.820    -0.0012328053
5.830    -0.0012198001
5.840    -0.0012069736
5.850    -0.0011943215
5.860    -0.0011818395
5.870    -0.0011695232
5.880    -0.0011573683
5.890    -0.0011453705
5.900    -0.0011335254
5.910    -0.0011218288
5.920    -0.0011102762
5.930    -0.0010988633
5.940    -0.0010875859
5.950    -0.0010764396
5.960    -0.0010654200
5.970    -0.0010545229
5.980    -0.0010437439
5.990    -0.0010330786
6.000    -0.0010225228
6.010    -0.0010120727
6.020    -0.0010017270
6.030    -0.0009914850
6.040    -0.0009813460
6.050    -0.0009713093
6.060    -0.0009613742
6.070    -0.0009515401
6.080    -0.0009418061
6.090    -0.0009321716
6.100    -0.0009226359
6.110    -0.0009131984
6.120    -0.0009038582
6.130    -0.0008946147
6.140    -0.0008854672
6.150    -0.0008764150
6.160    -0.0008674574
6.170    -0.0008585937
6.180    -0.0008498232
6.190    -0.0008411452
6.200    -0.0008325589
6.210    -0.0008240638
6.220    -0.0008156590
6.230    -0.0008073439
6.240    -0.0007991178
6.250    -0.0007909800
6.260    -0.0007829298
6.270    -0.0007749664
6.280    -0.0007670893
6.290    -0.0007592976
6.300    -0.0007515906
6.310    -0.0007439678
6.320    -0.0007364283
6.330    -0.0007289715
6.340    -0.0007215967
6.350    -0.0007143031
6.360    -0.0007070902
6.370    -0.0006999570
6.380    -0.0006929031
6.390    -0.0006859276
6.400    -0.0006790299
6.410    -0.0006722092
6.420    -0.0006654649
6.430    -0.0006587963
6.440    -0.0006522026
6.450    -0.0006456832
6.460    -0.0006392374
6.470    -0.0006328644
6.480    -0.0006265636
6.490    -0.0006203342
6.500    -0.0006141755
6.510    -0.0006080870
6.520    -0.0006020677
6.530    -0.0005961172
6.540    -0.0005902345
6.550    -0.0005844192
6.560    -0.0005786703
6.570    -0.0005729873
6.580    -0.0005673695
6.590    -0.0005618161
6.600    -0.0005563264
6.610    -0.0005508998
6.620    -0.0005455355
6.630    -0.0005402329
6.640    -0.0005349912
6.650    -0.0005298097
6.660    -0.0005246878
6.670    -0.0005196247
6.680    -0.0005146198
6.690    -0.0005096722
6.700    -0.0005047814
6.710    -0.0004999467
6.720    -0.0004951672
6.730    -0.0004904424
6.740    -0.0004857715
6.750    -0.0004811539
6.760    -0.0004765887
6.770    -0.0004720754
6.780    -0.0004676132
6.790    -0.0004632015
6.800    -0.0004588394
6.810    -0.0004545264
6.820    -0.0004502616
6.830    -0.0004460445
6.840    -0.0004418744
6.850    -0.0004377504
6.860    -0.0004336719
6.870    -0.0004296383
6.880    -0.0004256487
6.890    -0.0004217026
6.900    -0.0004177992
6.910    -0.0004139378
6.920    -0.0004101176
6.930    -0.0004063381
6.940    -0.0004025985
6.950    -0.0003988981
6.960    -0.0003952362
6.970    -0.0003916121
6.980    -0.0003880251
6.990    -0.0003844745
7.000    -0.0003809596
7.010    -0.0003774798
7.020    -0.0003740347
7.030    -0.0003706241
7.040    -0.0003672477
7.050    -0.0003639053
7.060    -0.0003605967
7.070    -0.0003573215
7.080    -0.0003540796
7.090    -0.0003508707
7.100    -0.0003476945
7.110    -0.0003445508
7.120    -0.0003414393
7.130    -0.0003383597
7.140    -0.0003353119
7.150    -0.0003322956
7.160    -0.0003293105
7.170    -0.0003263564
7.180    -0.0003234330
7.190    -0.0003205400
7.200    -0.0003176773
7.210    -0.0003148445
7.220    -0.0003120415
7.230    -0.0003092679
7.240    -0.0003065235
7.250    -0.0003038080
7.260    -0.0003011213
7.270    -0.0002984631
7.280    -0.0002958330
7.290    -0.0002932309
7.300    -0.0002906564
7.310    -0.0002881095
7.320    -0.0002855897
7.330    -0.0002830969
7.340    -0.0002806307
7.350    -0.0002781910
7.360    -0.0002757775
7.370    -0.0002733900
7.380    -0.0002710281
7.390    -0.0002686916
7.400    -0.0002663804
7.410    -0.0002640940
7.420    -0.0002618324
7.430    -0.0002595952
7.440    -0.0002573821
7.450    -0.0002551930
7.460    -0.0002530275
7.470    -0.0002508855
7.480    -0.0002487667
7.490    -0.0002466707
7.500    -0.0002445975
7.510    -0.0002425466
7.520    -0.0002405179
7.530    -0.0002385112
7.540    -0.0002365260
7.550    -0.0002345623
7.560    -0.0002326198
7.570    -0.0002306982
7.580    -0.0002287972
7.590    -0.0002269166
7.600    -0.0002250562
7.610    -0.0002232156
7.620    -0.0002213948
7.630    -0.0002195933
7.640    -0.0002178109
7.650    -0.0002160475
7.660    -0.0002143027
7.670    -0.0002125763
7.680    -0.0002108680
7.690    -0.0002091776
7.700    -0.0002075049
7.710    -0.0002058495
7.720    -0.0002042113
7.730    -0.0002025899
7.740    -0.0002009852
7.750    -0.0001993969
7.760    -0.0001978246
7.770    -0.0001962683
7.780    -0.0001947276
7.790    -0.0001932022
7.800    -0.0001916920
7.810    -0.0001901966
7.820    -0.0001887159
7.830    -0.0001872495
7.840    -0.0001857973
7.850    -0.0001843589
7.860    -0.0001829341
7.870    -0.0001815226
7.880    -0.0001801243
7.890    -0.0001787388
7.900    -0.0001773660
7.910    -0.0001760055
7.920    -0.0001746571
7.930    -0.0001733205
7.940    -0.0001719955
7.950    -0.0001706819
7.960    -0.0001693794
7.970    -0.0001680877
7.980    -0.0001668066
7.990    -0.0001655359
8.000    -0.0001642752
8.010    -0.0001630244
8.020    -0.0001617834
8.030    -0.0001605521
8.040    -0.0001593305
8.050    -0.0001581186
8.060    -0.0001569161
8.070    -0.0001557232
8.080    -0.0001545398
8.090    -0.0001533658
8.100    -0.0001522011
8.110    -0.0001510457
8.120    -0.0001498996
8.130    -0.0001487626
8.140    -0.0001476348
8.150    -0.0001465161
8.160    -0.0001454064
8.170    -0.0001443056
8.180    -0.0001432138
8.190    -0.0001421309
8.200    -0.0001410568
8.210    -0.0001399914
8.220    -0.0001389348
8.230    -0.0001378867
8.240    -0.0001368473
8.250    -0.0001358165
8.260    -0.0001347941
8.270    -0.0001337802
8.280    -0.0001327746
8.290    -0.0001317774
8.300    -0.0001307884
8.310    -0.0001298077
8.320    -0.0001288351
8.330    -0.0001278707
8.340    -0.0001269143
8.350    -0.0001259659
8.360    -0.0001250255
8.370    -0.0001240929
8.380    -0.0001231683
8.390    -0.0001222514
8.400    -0.0001213422
8.410    -0.0001204407
8.420    -0.0001195469
8.430    -0.0001186606
8.440    -0.0001177818
8.450    -0.0001169105
8.460    -0.0001160467
8.470    -0.0001151901
8.480    -0.0001143409
8.490    -0.0001134990
8.500    -0.0001126642
8.510    -0.0001118366
8.520    -0.0001110161
8.530    -0.0001102026
8.540    -0.0001093960
8.550    -0.0001085965
8.560    -0.0001078038
8.570    -0.0001070179
8.580    -0.0001062388
8.590    -0.0001054664
8.600    -0.0001047006
8.610    -0.0001039415
8.620    -0.0001031889
8.630    -0.0001024428
8.640    -0.0001017031
8.650    -0.0001009699
8.660    -0.0001002430
8.670    -0.0000995223
8.680    -0.0000988079
8.690    -0.0000980997
8.700    -0.0000973976
8.710    -0.0000967015
8.720    -0.0000960115
8.730    -0.0000953274
8.740    -0.0000946492
8.750    -0.0000939769
8.760    -0.0000933104
8.770    -0.0000926496
8.780    -0.0000919945
8.790    -0.0000913451
8.800    -0.0000907012
8.810    -0.0000900628
8.820    -0.0000894300
8.830    -0.0000888025
8.840    -0.0000881804
8.850    -0.0000875637
8.860    -0.0000869522
8.870    -0.0000863459
8.880    -0.0000857447
8.890    -0.0000851486
8.900    -0.0000845576
8.910    -0.0000839716
8.920    -0.0000833905
8.930    -0.0000828143
8.940    -0.0000822429
8.950    -0.0000816763
8.960    -0.0000811145
8.970    -0.0000805573
8.980    -0.0000800046
8.990    -0.0000794566
9.000    -0.0000789131
9.010    -0.0000783740
9.020    -0.0000778393
9.030    -0.0000773090
9.040    -0.0000767831
9.050    -0.0000762615
9.060    -0.0000757441
9.070    -0.0000752310
9.080    -0.0000747221
9.090    -0.0000742173
9.100    -0.0000737167
9.110    -0.0000732202
9.120    -0.0000727277
9.130    -0.0000722393
9.140    -0.0000717549
9.150    -0.0000712744
9.160    -0.0000707978
9.170    -0.0000703251
9.180    -0.0000698563
9.190    -0.0000693913
9.200    -0.0000689301
9.210    -0.0000684726
9.220    -0.0000680188
9.230    -0.0000675687
9.240    -0.0000671222
9.250    -0.0000666794
9.260    -0.0000662401
9.270    -0.0000658043
9.280    -0.0000653720
9.290    -0.0000649432
9.300    -0.0000645178
9.310    -0.0000640958
9.320    -0.0000636772
9.330    -0.0000632619
9.340    -0.0000628498
9.350    -0.0000624410
9.360    -0.0000620355
9.370    -0.0000616331
9.380    -0.0000612338
9.390    -0.0000608377
9.400    -0.0000604446
9.410    -0.0000600545
9.420    -0.0000596675
9.430    -0.0000592834
9.440    -0.0000589023
9.450    -0.0000585240
9.460    -0.0000581486
9.470    -0.0000577761
9.480    -0.0000574063
9.490    -0.0000570393
9.500    -0.0000566750
9.510    -0.0000563134
9.520    -0.0000559544
9.530    -0.0000555980
9.540    -0.0000552442
9.550    -0.0000548930
9.560    -0.0000545443
9.570    -0.0000541980
9.580    -0.0000538541
9.590    -0.0000535127
9.600    -0.0000531736
9.610    -0.0000528369
9.620    -0.0000525025
9.630    -0.0000521703
9.640    -0.0000518403
9.650    -0.0000515125
9.660    -0.0000511869
9.670    -0.0000508634
9.680    -0.0000505420
9.690    -0.0000502226
9.700    -0.0000499052
9.710    -0.0000495898
9.720    -0.0000492764
9.730    -0.0000489648
9.740    -0.0000486551
9.750    -0.0000483473
9.760    -0.0000480412
9.770    -0.0000477370
9.780    -0.0000474344
9.790    -0.0000471335
9.800    -0.0000468343
9.810    -0.0000465367
9.820    -0.0000462407
9.830    -0.0000459463
9.840    -0.0000456533
9.850    -0.0000453619
9.860    -0.0000450719
9.870    -0.0000447833
9.880    -0.0000444961
9.890    -0.0000442102
9.900    -0.0000439256
9.910    -0.0000436423
9.920    -0.0000433602
9.930    -0.0000430793
9.940    -0.0000427996
9.950    -0.0000425210
9.960    -0.0000422435
9.970    -0.0000419670
9.980    -0.0000416916
9.990    -0.0000414171
10.000    -0.0000411436
10.010    -0.0000408711
10.020    -0.0000405994
10.030    -0.0000403287
10.040    -0.0000400588
10.050    -0.0000397899
10.060    -0.0000395219
10.070    -0.0000392548
10.080    -0.0000389886
10.090    -0.0000387233
10.100    -0.0000384589
10.110    -0.0000381954
10.120    -0.0000379328
10.130    -0.0000376712
10.140    -0.0000374104
10.150    -0.0000371506
10.160    -0.0000368916
10.170    -0.0000366336
10.180    -0.0000363764
10.190    -0.0000361202
10.200    -0.0000358648
10.210    -0.0000356104
10.220    -0.0000353568
10.230    -0.0000351042
10.240    -0.0000348524
10.250    -0.0000346016
10.260    -0.0000343516
10.270    -0.0000341025
10.280    -0.0000338544
10.290    -0.0000336071
10.300    -0.0000333607
10.310    -0.0000331152
10.320    -0.0000328706
10.330    -0.0000326269
10.340    -0.0000323841
10.350    -0.0000321421
10.360    -0.0000319011
10.370    -0.0000316609
10.380    -0.0000314217
10.390    -0.0000311833
10.400    -0.0000309458
10.410    -0.0000307092
10.420    -0.0000304734
10.430    -0.0000302386
10.440    -0.0000300046
10.450    -0.0000297715
10.460    -0.0000295393
10.470    -0.0000293080
10.480    -0.0000290775
10.490    -0.0000288480
10.500    -0.0000286193
10.510    -0.0000283915
10.520    -0.0000281645
10.530    -0.0000279385
10.540    -0.0000277133
10.550    -0.0000274890
10.560    -0.0000272655
10.570    -0.0000270430
10.580    -0.0000268213
10.590    -0.0000266005
10.600    -0.0000263805
10.610    -0.0000261614
10.620    -0.0000259432
10.630    -0.0000257259
10.640    -0.0000255094
10.650    -0.0000252938
10.660    -0.0000250790
10.670    -0.0000248652
10.680    -0.0000246521
10.690    -0.0000244400
10.700    -0.0000242287
10.710    -0.0000240183
10.720    -0.0000238087
10.730    -0.0000236000
10.740    -0.0000233922
10.750    -0.0000231852
10.760    -0.0000229791
10.770    -0.0000227738
10.780    -0.0000225694
10.790    -0.0000223658
10.800    -0.0000221631
10.810    -0.0000219613
10.820    -0.0000217603
10.830    -0.0000215602
10.840    -0.0000213609
10.850    -0.0000211624
10.860    -0.0000209649
10.870    -0.0000207681
10.880    -0.0000205722
10.890    -0.0000203772
10.900    -0.0000201830
10.910    -0.0000199897
10.920    -0.0000197972
10.930    -0.0000196056
10.940    -0.0000194148
10.950    -0.0000192248
10.960    -0.0000190357
10.970    -0.0000188474
10.980    -0.0000186600
10.990    -0.0000184734
11.000    -0.0000182877
11.010    -0.0000181028
11.020    -0.0000179187
11.030    -0.0000177355
11.040    -0.0000175531
11.050    -0.0000173715
11.060    -0.0000171908
11.070    -0.0000170109
11.080    -0.0000168319
11.090    -0.0000166537
11.100    -0.0000164763
11.110    -0.0000162997
11.120    -0.0000161240
11.130    -0.0000159492
11.140    -0.0000157751
11.150    -0.0000156019
11.160    -0.0000154295
11.170    -0.0000152579
11.180    -0.0000150872
11.190    -0.0000149173
11.200    -0.0000147482
11.210    -0.0000145799
11.220    -0.0000144125
11.230    -0.0000142459
11.240    -0.0000140801
11.250    -0.0000139151
11.260    -0.0000137510
11.270    -0.0000135876
11.280    -0.0000134251
11.290    -0.0000132634
11.300    -0.0000131026
11.310    -0.0000129425
11.320    -0.0000127833
11.330    -0.0000126249
11.340    -0.0000124673
11.350    -0.0000123105
11.360    -0.0000121545
11.370    -0.0000119993
11.380    -0.0000118450
11.390    -0.0000116915
11.400    -0.0000115387
11.410    -0.0000113868
11.420    -0.0000112357
11.430    -0.0000110854
11.440    -0.0000109359
11.450    -0.0000107872
11.460    -0.0000106394
11.470    -0.0000104923
11.480    -0.0000103460
11.490    -0.0000102006
11.500    -0.0000100559
11.510    -0.0000099120
11.520    -0.0000097690
11.530    -0.0000096267
11.540    -0.0000094853
11.550    -0.0000093446
11.560    -0.0000092048
11.570    -0.0000090657
11.580    -0.0000089275
11.590    -0.0000087900
11.600    -0.0000086534
11.610    -0.0000085175
11.620    -0.0000083824
11.630    -0.0000082481
11.640    -0.0000081147
11.650    -0.0000079820
11.660    -0.0000078501
11.670    -0.0000077190
11.680    -0.0000075886
11.690    -0.0000074591
11.700    -0.0000073304
11.710    -0.0000072024
11.720    -0.0000070752
11.730    -0.0000069489
