1.5 65.505636449268
1.51 64.680325247342
1.52 63.878309788202
1.53 63.099052856552
1.54 62.342017237085
1.55 61.606665714507
1.56 60.892461073516
1.57 60.198866098812
1.58 59.525343575098
1.59 58.871356287069
1.6 58.236367019429
1.61 57.619824060654
1.62 57.021117714335
1.63 56.43962378784
1.64 55.874718088531
1.65 55.325776423781
1.66 54.792174600955
1.67 54.273288427421
1.68 53.768493710542
1.69 53.277166257693
1.7 52.798681876234
1.71 52.332488854645
1.72 51.878325405851
1.73 51.436002223879
1.74 51.005330002763
1.75 50.586119436534
1.76 50.178181219224
1.77 49.781326044867
1.78 49.395364607492
1.79 49.020107601132
1.8 48.655365719818
1.81 48.300932723751
1.82 47.956534637805
1.83 47.621880553014
1.84 47.296679560427
1.85 46.980640751079
1.86 46.67347321601
1.87 46.374886046261
1.88 46.084588332874
1.89 45.802289166885
1.9 45.52769763934
1.91 45.260559588474
1.92 45.000767841316
1.93 44.748251972102
1.94 44.502941555053
1.95 44.2647661644
1.96 44.033655374375
1.97 43.809538759202
1.98 43.592345893115
1.99 43.382006350342
2 43.178449705107
2.01 42.981532258708
2.02 42.79081722069
2.03 42.605794527668
2.04 42.425954116255
2.05 42.250785923063
2.06 42.079779884702
2.07 41.912425937789
2.08 41.748214018931
2.09 41.586634064748
2.1 41.427176011845
2.11 41.269494953829
2.12 41.113906612266
2.13 40.960891865711
2.14 40.810931592723
2.15 40.664506671856
2.16 40.522097981669
2.17 40.38418640072
2.18 40.251252807564
2.19 40.123778080753
2.2 40.002243098852
2.21 39.886958293766
2.22 39.77755231081
2.23 39.673483348652
2.24 39.574209605966
2.25 39.479189281416
2.26 39.38788057367
2.27 39.299741681397
2.28 39.214230803268
2.29 39.130806137948
2.3 39.048925884109
2.31 38.968155928752
2.32 38.888492912222
2.33 38.810041163202
2.34 38.732905010373
2.35 38.657188782413
2.36 38.582996808003
2.37 38.510433415825
2.38 38.439602934559
2.39 38.370609692887
2.4 38.303558019489
2.41 38.238520528149
2.42 38.175442973071
2.43 38.114239393566
2.44 38.054823828936
2.45 37.997110318495
2.46 37.941012901549
2.47 37.886445617404
2.48 37.833322505371
2.49 37.781557604756
2.5 37.731064954868
2.51 37.681769114021
2.52 37.63363671655
2.53 37.586644915794
2.54 37.540770865099
2.55 37.495991717802
2.56 37.452284627246
2.57 37.409626746771
2.58 37.367995229717
2.59 37.327367229428
2.6 37.287719899244
2.61 37.249029494789
2.62 37.211268680838
2.63 37.17440922444
2.64 37.138422892656
2.65 37.103281452537
2.66 37.06895667114
2.67 37.035420315522
2.68 37.002644152737
2.69 36.970599949837
2.7 36.939259473882
2.71 36.908596246224
2.72 36.8785908054
2.73 36.849225444251
2.74 36.820482455615
2.75 36.792344132331
2.76 36.764792767235
2.77 36.737810653163
2.78 36.711380082959
2.79 36.685483349454
2.8 36.660102745492
2.81 36.635221244396
2.82 36.610824541441
2.83 36.586899012395
2.84 36.563431033019
2.85 36.540406979079
2.86 36.517813226339
2.87 36.495636150561
2.88 36.473862127511
2.89 36.452477532954
2.9 36.431468742654
2.91 36.41082280678
2.92 36.390529473116
2.93 36.37057916386
2.94 36.350962301199
2.95 36.331669307326
2.96 36.312690604437
2.97 36.29401661472
2.98 36.275637760367
2.99 36.257544463574
3 36.239727146531
3.01 36.222176676795
3.02 36.204885703385
3.03 36.187847320686
3.04 36.171054623084
3.05 36.154500704961
3.06 36.138178660705
3.07 36.122081584697
3.08 36.106202571322
3.09 36.090534714967
3.1 36.075071110014
3.11 36.059805182736
3.12 36.044731686942
3.13 36.029845708334
3.14 36.01514233261
3.15 36.00061664547
3.16 35.986263732611
3.17 35.972078679733
3.18 35.958056572533
3.19 35.94419249671
3.2 35.930481537965
3.21 35.916919016797
3.22 35.903501192916
3.23 35.890224560835
3.24 35.877085615067
3.25 35.864080850118
3.26 35.851206760508
3.27 35.838459840743
3.28 35.82583658534
3.29 35.813333488803
3.3 35.800947045654
3.31 35.788673920936
3.32 35.776511461851
3.33 35.764457186134
3.34 35.752508611523
3.35 35.740663255754
3.36 35.728918636564
3.37 35.717272271688
3.38 35.705721678866
3.39 35.694264375834
3.4 35.682897880326
3.41 35.671619833884
3.42 35.660428373251
3.43 35.649321758977
3.44 35.638298251608
3.45 35.62735611169
3.46 35.616493599774
3.47 35.605708976406
3.48 35.595000502132
3.49 35.584366437502
3.5 35.573805043061
3.51 35.563314668866
3.52 35.552894023001
3.53 35.542541903055
3.54 35.532257106623
3.55 35.522038431296
3.56 35.511884674666
3.57 35.501794634321
3.58 35.491767107856
3.59 35.481800892861
3.6 35.471894786929
3.61 35.462047650292
3.62 35.452258593749
3.63 35.442526790741
3.64 35.432851414707
3.65 35.423231639088
3.66 35.413666637326
3.67 35.404155582857
3.68 35.394697649125
3.69 35.385292009566
3.7 35.375937837627
3.71 35.366634348038
3.72 35.357380920711
3.73 35.348176976853
3.74 35.339021937674
3.75 35.329915224377
3.76 35.320856258172
3.77 35.311844460263
3.78 35.302879251859
3.79 35.293960054165
3.8 35.285086288387
3.81 35.276257402233
3.82 35.267472949402
3.83 35.258732510089
3.84 35.250035664495
3.85 35.241381992813
3.86 35.232771075247
3.87 35.224202491988
3.88 35.215675823237
3.89 35.207190649192
3.9 35.198746550049
3.91 35.19034311777
3.92 35.181979991361
3.93 35.173656821595
3.94 35.165373259243
3.95 35.157128955078
3.96 35.148923559868
3.97 35.140756724388
3.98 35.132628099404
3.99 35.124537335692
4 35.116484084021
4.01 35.108468010162
4.02 35.100488839871
4.03 35.092546313909
4.04 35.084640173035
4.05 35.076770158004
4.06 35.068936009577
4.07 35.061137468509
4.08 35.053374275558
4.09 35.045646171484
4.1 35.037952897044
4.11 35.030294192998
4.12 35.022669800098
4.13 35.015079459109
4.14 35.007522910785
4.15 34.999999895883
4.16 34.992510155161
4.17 34.985053429382
4.18 34.977629459298
4.19 34.970237985669
4.2 34.962878749256
4.21 34.955551490811
4.22 34.948255951096
4.23 34.940991870866
4.24 34.933758990882
4.25 34.926557051902
4.26 34.91938580344
4.27 34.912245030048
4.28 34.905134525036
4.29 34.898054081715
4.3 34.891003493392
4.31 34.883982553377
4.32 34.876991054982
4.33 34.870028791517
4.34 34.86309555629
4.35 34.85619114261
4.36 34.849315343786
4.37 34.842467953134
4.38 34.835648763956
4.39 34.828857569565
4.4 34.822094163271
4.41 34.815358338384
4.42 34.808649888212
4.43 34.801968606066
4.44 34.795314285258
4.45 34.788686719091
4.46 34.782085700883
4.47 34.775511023937
4.48 34.768962481567
4.49 34.762439867079
4.5 34.755942973787
4.51 34.749471607387
4.52 34.743025623128
4.53 34.736604888656
4.54 34.730209271603
4.55 34.723838639612
4.56 34.717492860326
4.57 34.71117180138
4.58 34.704875330416
4.59 34.698603315072
4.6 34.692355622989
4.61 34.686132121808
4.62 34.679932679165
4.63 34.673757162704
4.64 34.667605440061
4.65 34.661477378879
4.66 34.655372846796
4.67 34.649291711448
4.68 34.643233840483
4.69 34.637199101532
4.7 34.631187362242
4.71 34.625198490247
4.72 34.619232353192
4.73 34.613288818711
4.74 34.607367754448
4.75 34.601469028041
4.76 34.59559250713
4.77 34.589738059352
4.78 34.583905552354
4.79 34.578094853768
4.8 34.572305831237
4.81 34.566538352401
4.82 34.560792284898
4.83 34.555067496369
4.84 34.549363854454
4.85 34.54368122679
4.86 34.538019481021
4.87 34.532378484785
4.88 34.526758105722
4.89 34.521158211469
4.9 34.515578669667
4.91 34.510019347956
4.92 34.504480113978
4.93 34.498960835369
4.94 34.493461379772
4.95 34.487981614823
4.96 34.482521408167
4.97 34.477080627437
4.98 34.471659140279
4.99 34.466256814328
5 34.460873517225
5.01 34.455509127014
5.02 34.450163563346
5.03 34.444836756281
5.04 34.43952863587
5.05 34.434239132172
5.06 34.428968175242
5.07 34.423715695139
5.08 34.418481621914
5.09 34.413265885627
5.1 34.408068416333
5.11 34.402889144086
5.12 34.397727998945
5.13 34.392584910967
5.14 34.387459810204
5.15 34.382352626715
5.16 34.377263290553
5.17 34.372191731779
5.18 34.367137880444
5.19 34.362101666609
5.2 34.357083020325
5.21 34.352081871652
5.22 34.347098150644
5.23 34.342131787357
5.24 34.337182711849
5.25 34.332250854174
5.26 34.32733614439
5.27 34.32243851255
5.28 34.317557888712
5.29 34.312694202934
5.3 34.307847385269
5.31 34.303017365773
5.32 34.298204074505
5.33 34.293407441519
5.34 34.288627396871
5.35 34.283863870617
5.36 34.279116792815
5.37 34.274386093519
5.38 34.269671702784
5.39 34.264973550669
5.4 34.260291567229
5.41 34.255625682519
5.42 34.250975826595
5.43 34.246341929516
5.44 34.241723921335
5.45 34.237121732109
5.46 34.232535291895
5.47 34.227964530746
5.48 34.223409378724
5.49 34.218869765879
5.5 34.214345622269
5.51 34.209836877952
5.52 34.205343462981
5.53 34.200865307415
5.54 34.196402341306
5.55 34.191954494716
5.56 34.187521697696
5.57 34.183103880303
5.58 34.178700972595
5.59 34.174312904629
5.6 34.169939606456
5.61 34.165581008137
5.62 34.161237039725
5.63 34.156907631276
5.64 34.15259271285
5.65 34.1482922145
5.66 34.144006066282
5.67 34.139734198252
5.68 34.135476540466
5.69 34.131233022982
5.7 34.127003575853
5.71 34.12278812914
5.72 34.118586612892
5.73 34.114398957172
5.74 34.110225092031
5.75 34.106064947527
5.76 34.101918453718
5.77 34.097785540656
5.78 34.093666138401
5.79 34.089560177005
5.8 34.085467586528
5.81 34.081388297024
5.82 34.077322238551
5.83 34.073269341163
5.84 34.069229534914
5.85 34.065202749865
5.86 34.061188916069
5.87 34.057187963582
5.88 34.053199822464
5.89 34.049224422766
5.9 34.045261694544
5.91 34.041311567858
5.92 34.037373972763
5.93 34.033448839313
5.94 34.029536097565
5.95 34.025635677576
5.96 34.021747509401
5.97 34.017871523097
5.98 34.014007648719
5.99 34.010155816326
6 34.006315955968
6.01 34.002488002445
6.02 33.998671909507
6.03 33.994867635643
6.04 33.991075139343
6.05 33.987294379099
6.06 33.983525313396
6.07 33.979767900729
6.08 33.976022099585
6.09 33.972287868453
6.1 33.968565165826
6.11 33.964853950192
6.12 33.961154180042
6.13 33.957465813862
6.14 33.953788810147
6.15 33.950123127383
6.16 33.946468724062
6.17 33.942825558673
6.18 33.939193589706
6.19 33.93557277565
6.2 33.931963074997
6.21 33.928364446234
6.22 33.924776847854
6.23 33.921200238346
6.24 33.917634576198
6.25 33.9140798199
6.26 33.910535927946
6.27 33.907002858819
6.28 33.903480571013
6.29 33.899969023017
6.3 33.896468173324
6.31 33.892977980418
6.32 33.889498402793
6.33 33.886029398938
6.34 33.882570927342
6.35 33.879122946494
6.36 33.875685414886
6.37 33.872258291007
6.38 33.868841533349
6.39 33.865435100398
6.4 33.862038950645
6.41 33.85865304258
6.42 33.855277334695
6.43 33.851911785476
6.44 33.848556353416
6.45 33.845210997004
6.46 33.84187567473
6.47 33.83855034508
6.48 33.83523496655
6.49 33.831929497628
6.5 33.828633896803
6.51 33.825348122564
6.52 33.822072133401
6.53 33.818805887804
6.54 33.815549344264
6.55 33.812302461269
6.56 33.809065197314
6.57 33.805837510881
6.58 33.802619360464
6.59 33.799410704553
6.6 33.796211501638
6.61 33.793021710207
6.62 33.789841288753
6.63 33.786670195762
6.64 33.783508389726
6.65 33.780355829136
6.66 33.777212472478
6.67 33.774078278248
6.68 33.770953204928
6.69 33.767837211013
6.7 33.764730254993
6.71 33.761632295355
6.72 33.758543290593
6.73 33.755463199192
6.74 33.752391979644
6.75 33.749329590441
6.76 33.746275990069
6.77 33.74323113702
6.78 33.740194989785
6.79 33.737167506852
6.8 33.734148646708
6.81 33.731138367849
6.82 33.72813662876
6.83 33.725143387934
6.84 33.72215860386
6.85 33.719182235028
6.86 33.716214239924
6.87 33.713254577044
6.88 33.710303204874
6.89 33.707360081906
6.9 33.704425166627
6.91 33.701498417527
6.92 33.6985797931
6.93 33.695669251831
6.94 33.692766752215
6.95 33.689872252735
6.96 33.686985711886
6.97 33.684107088159
6.98 33.681236340039
6.99 33.678373426019
7 33.675518304586
7.01 33.672670937024
7.02 33.669831295764
7.03 33.666999356037
7.04 33.664175093068
7.05 33.661358482083
7.06 33.65854949831
7.07 33.65574811697
7.08 33.652954313297
7.09 33.650168062511
7.1 33.647389339842
7.11 33.644618120513
7.12 33.641854379752
7.13 33.639098092785
7.14 33.636349234842
7.15 33.633607781145
7.16 33.630873706919
7.17 33.628146987394
7.18 33.625427597794
7.19 33.62271551335
7.2 33.620010709282
7.21 33.617313160819
7.22 33.614622843186
7.23 33.611939731612
7.24 33.609263801321
7.25 33.60659502754
7.26 33.603933385498
7.27 33.601278850415
7.28 33.598631397524
7.29 33.595991002048
7.3 33.593357639212
7.31 33.590731284244
7.32 33.588111912371
7.33 33.585499498819
7.34 33.582894018812
7.35 33.58029544758
7.36 33.577703760347
7.37 33.575118932339
7.38 33.572540938784
7.39 33.569969754905
7.4 33.567405355934
7.41 33.564847717091
7.42 33.562296813606
7.43 33.559752620705
7.44 33.557215113615
7.45 33.554684267561
7.46 33.552160057768
7.47 33.549642459465
7.48 33.547131447877
7.49 33.54462699823
7.5 33.542129085748
7.51 33.539637685663
7.52 33.537152773197
7.53 33.53467432358
7.54 33.532202312034
7.55 33.529736713788
7.56 33.527277504067
7.57 33.524824658096
7.58 33.522378151104
7.59 33.519937958318
7.6 33.517504054962
7.61 33.515076416263
7.62 33.512655017448
7.63 33.510239833739
7.64 33.507830840369
7.65 33.505428012561
7.66 33.503031325542
7.67 33.500640754537
7.68 33.498256274774
7.69 33.495877861476
7.7 33.493505489875
7.71 33.491139135191
7.72 33.488778772655
7.73 33.486424377491
7.74 33.484075924927
7.75 33.481733390188
7.76 33.479396748499
7.77 33.47706597509
7.78 33.474741045182
7.79 33.472421934009
7.8 33.470108616787
7.81 33.467801068752
7.82 33.465499265125
7.83 33.463203181135
7.84 33.460912792006
7.85 33.458628072965
7.86 33.456348999239
7.87 33.454075546055
7.88 33.451807688636
7.89 33.449545402212
7.9 33.447288662007
7.91 33.445037443248
7.92 33.442791721162
7.93 33.440551470975
7.94 33.438316667911
7.95 33.4360872872
7.96 33.433863304066
7.97 33.431644693735
7.98 33.429431431438
7.99 33.427223492395
8 33.425020851833
8.01 33.422823486677
8.02 33.420631380628
8.03 33.418444519083
8.04 33.416262887441
8.05 33.4140864711
8.06 33.411915255457
8.07 33.409749225912
8.08 33.407588367858
8.09 33.405432666698
8.1 33.403282107827
8.11 33.401136676644
8.12 33.398996358546
8.13 33.396861138931
8.14 33.394731003197
8.15 33.39260593674
8.16 33.390485924964
8.17 33.388370953259
8.18 33.386261007029
8.19 33.384156071669
8.2 33.382056132578
8.21 33.379961175151
8.22 33.37787118479
8.23 33.375786146887
8.24 33.373706046847
8.25 33.371630870065
8.26 33.369560601936
8.27 33.367495227862
8.28 33.365434733238
8.29 33.363379103463
8.3 33.361328323932
8.31 33.359282380049
8.32 33.357241257208
8.33 33.355204940806
8.34 33.353173416242
8.35 33.351146668916
8.36 33.349124684223
8.37 33.34710744756
8.38 33.345094944328
8.39 33.343087159923
8.4 33.341084079743
8.41 33.339085689184
8.42 33.337091973648
8.43 33.335102918532
8.44 33.333118509232
8.45 33.331138731143
8.46 33.329163569671
8.47 33.327193010207
8.48 33.325227038149
8.49 33.3232656389
8.5 33.321308797851
8.51 33.319356500407
8.52 33.317408731961
8.53 33.315465477911
8.54 33.313526723658
8.55 33.311592454597
8.56 33.309662656128
8.57 33.307737313645
8.58 33.305816412551
8.59 33.30389993824
8.6 33.30198787611
8.61 33.300080211561
8.62 33.298176929991
8.63 33.296278016794
8.64 33.294383457373
8.65 33.292493237123
8.66 33.29060734144
8.67 33.288725755727
8.68 33.286848465378
8.69 33.28497545579
8.7 33.283106712366
8.71 33.281242220496
8.72 33.279381965587
8.73 33.27752593303
8.74 33.275674108224
8.75 33.273826476567
8.76 33.271983023461
8.77 33.270143734298
8.78 33.268308594479
8.79 33.266477589403
8.8 33.264650704463
8.81 33.262827925062
8.82 33.261009236596
8.83 33.259194624461
8.84 33.257384074058
8.85 33.255577570783
8.86 33.253775100033
8.87 33.251976647208
8.88 33.250182197705
8.89 33.248391736921
8.9 33.246605250253
8.91 33.244822723103
8.92 33.243044140867
8.93 33.241269488939
8.94 33.239498752722
8.95 33.237731917613
8.96 33.235968969006
8.97 33.234209892304
8.98 33.2324546729
8.99 33.230703296195
9 33.228955747585
9.01 33.227212012844
9.02 33.225472079248
9.03 33.22373593444
9.04 33.222003566069
9.05 33.220274961786
9.06 33.218550109237
9.07 33.216828996072
9.08 33.215111609938
9.09 33.213397938479
9.1 33.211687969353
9.11 33.209981690199
9.12 33.208279088667
9.13 33.20658015241
9.14 33.20488486907
9.15 33.203193226299
9.16 33.201505211746
9.17 33.199820813054
9.18 33.198140017874
9.19 33.196462813857
9.2 33.194789188645
9.21 33.193119129894
9.22 33.191452625246
9.23 33.189789662351
9.24 33.188130228856
9.25 33.186474312411
9.26 33.184821900662
9.27 33.183172981261
9.28 33.181527541852
9.29 33.179885570086
9.3 33.17824705361
9.31 33.176611980071
9.32 33.174980337118
9.33 33.173352112399
9.34 33.171727293566
9.35 33.170105868259
9.36 33.168487824133
9.37 33.166873148834
9.38 33.165261830009
9.39 33.163653855309
9.4 33.162049212379
9.41 33.160447888871
9.42 33.158849872428
9.43 33.157255150701
9.44 33.155663711339
9.45 33.154075541988
9.46 33.152490630298
9.47 33.150908963916
9.48 33.149330530489
9.49 33.147755317668
9.5 33.146183313101
9.51 33.144614504434
9.52 33.143048879315
9.53 33.141486425393
9.54 33.139927130318
9.55 33.138370981736
9.56 33.136817967294
9.57 33.135268074645
9.58 33.13372129143
9.59 33.132177605303
9.6 33.130637003911
9.61 33.129099474899
9.62 33.127565005919
9.63 33.126033584616
9.64 33.124505198643
9.65 33.122979835643
9.66 33.121457483264
9.67 33.119938129158
9.68 33.118421760973
9.69 33.116908366353
9.7 33.11539793295
9.71 33.113890448409
9.72 33.11238590038
9.73 33.110884276513
9.74 33.109385564452
9.75 33.107889751848
9.76 33.106396826348
9.77 33.104906775603
9.78 33.103419587256
9.79 33.101935248959
9.8 33.100453748357
9.81 33.098975073103
9.82 33.097499210839
9.83 33.09602614922
9.84 33.094555875889
9.85 33.093088378495
9.86 33.091623644687
9.87 33.090161662115
9.88 33.088702418421
9.89 33.087245901261
9.9 33.085792098277
9.91 33.084340997122
9.92 33.08289258544
9.93 33.081446850879
9.94 33.08000378109
9.95 33.078563363721
9.96 33.077125586419
9.97 33.075690436834
9.98 33.074257902611
9.99 33.072827971399
10 33.071400630847
10.01 33.069975869984
10.02 33.068553683353
10.03 33.06713406688
10.04 33.065717016491
10.05 33.064302528113
10.06 33.06289059767
10.07 33.061481221087
10.08 33.060074394289
10.09 33.058670113204
10.1 33.057268373755
10.11 33.055869171867
10.12 33.054472503466
10.13 33.053078364478
10.14 33.051686750831
10.15 33.050297658444
10.16 33.048911083249
10.17 33.047527021167
10.18 33.046145468124
10.19 33.044766420048
10.2 33.043389872863
10.21 33.042015822492
10.22 33.040644264865
10.23 33.039275195903
10.24 33.037908611536
10.25 33.036544507685
10.26 33.035182880277
10.27 33.033823725235
10.28 33.032467038492
10.29 33.031112815966
10.3 33.029761053586
10.31 33.028411747273
10.32 33.027064892958
10.33 33.025720486564
10.34 33.024378524018
10.35 33.023039001243
10.36 33.021701914164
10.37 33.020367258708
10.38 33.019035030801
10.39 33.017705226368
10.4 33.016377841331
10.41 33.015052871621
10.42 33.01373031316
10.43 33.012410161873
10.44 33.011092413689
10.45 33.009777064531
10.46 33.008464110324
10.47 33.007153546993
10.48 33.005845370465
10.49 33.004539576664
10.5 33.003236161516
10.51 33.001935120945
10.52 33.00063645088
10.53 32.999340147243
10.54 32.998046205962
10.55 32.996754622961
10.56 32.995465394164
10.57 32.9941785155
10.58 32.992893982893
10.59 32.991611792267
10.6 32.990331939547
10.61 32.989054420658
10.62 32.987779231529
10.63 32.986506368083
10.64 32.985235826248
10.65 32.983967601946
10.66 32.982701691102
10.67 32.981438089645
10.68 32.980176793498
10.69 32.978917798585
10.7 32.977661100836
10.71 32.976406696173
10.72 32.975154580522
10.73 32.973904749808
10.74 32.972657199957
10.75 32.971411926894
10.76 32.970168926545
10.77 32.968928194837
10.78 32.967689727689
10.79 32.966453521035
10.8 32.965219570796
10.81 32.963987872897
10.82 32.962758423265
10.83 32.961531217824
10.84 32.960306252498
10.85 32.959083523219
10.86 32.957863025904
10.87 32.956644756484
10.88 32.955428710884
10.89 32.954214885025
10.9 32.953003274837
10.91 32.951793876244
10.92 32.950586685171
10.93 32.949381697544
10.94 32.948178909289
10.95 32.94697831633
10.96 32.945779914592
10.97 32.944583700002
10.98 32.943389668486
10.99 32.942197815965
11 32.941008138371
11.01 32.939820631626
11.02 32.938635291652
11.03 32.937452114382
11.04 32.936271095734
11.05 32.93509223164
11.06 32.933915518018
11.07 32.9327409508
11.08 32.93156852591
11.09 32.930398239269
11.1 32.929230086809
11.11 32.92806406445
11.12 32.92690016812
11.13 32.925738393744
11.14 32.92457873725
11.15 32.923421194558
11.16 32.922265761597
11.17 32.921112434291
11.18 32.919961208567
11.19 32.918812080347
11.2 32.917665045563
11.21 32.916520100134
11.22 32.915377239986
11.23 32.914236461047
11.24 32.913097759243
11.25 32.911961130498
11.26 32.910826570737
11.27 32.909694075885
11.28 32.908563641869
11.29 32.907435264611
11.3 32.906308940042
11.31 32.905184664084
11.32 32.904062432662
11.33 32.902942241702
11.34 32.90182408713
11.35 32.900707964871
11.36 32.89959387085
11.37 32.898481800992
11.38 32.897371751225
11.39 32.896263717471
11.4 32.895157695659
11.41 32.894053681712
11.42 32.892951671554
11.43 32.891851661115
11.44 32.890753646318
11.45 32.889657623085
11.46 32.888563587346
11.47 32.887471535026
11.48 32.886381462049
11.49 32.88529336434
11.5 32.884207237827
11.51 32.883123078431
11.52 32.882040882083
11.53 32.880960644702
11.54 32.879882362219
11.55 32.878806030555
11.56 32.877731645641
11.57 32.876659203396
11.58 32.87558869975
11.59 32.874520130627
11.6 32.873453491953
11.61 32.872388779652
11.62 32.87132598965
11.63 32.870265117874
11.64 32.869206160245
11.65 32.868149112694
11.66 32.867093971143
11.67 32.866040731516
11.68 32.864989389744
11.69 32.863939941748
11.7 32.862892383452
11.71 32.861846710785
11.72 32.860802919672
11.73 32.859761006038

