1.5 65.339179644922
1.51 64.522515756256
1.52 63.728060316244
1.53 62.95534000292
1.54 62.203881494329
1.55 61.473211468508
1.56 60.762856603494
1.57 60.07234357733
1.58 59.401199068049
1.59 58.748949753697
1.6 58.115122312309
1.61 57.499234402378
1.62 56.900767604209
1.63 56.319194478564
1.64 55.753987586197
1.65 55.20461948787
1.66 54.670562744342
1.67 54.151289916371
1.68 53.646273564714
1.69 53.154986250132
1.7 52.676900533386
1.71 52.211534072965
1.72 51.758584918294
1.73 51.317796216538
1.74 50.888911114852
1.75 50.471672760401
1.76 50.06582430034
1.77 49.671108881832
1.78 49.287269652036
1.79 48.914049758112
1.8 48.551192347222
1.81 48.198441957607
1.82 47.855548691848
1.83 47.52226404361
1.84 47.198339506554
1.85 46.883526574347
1.86 46.57757674065
1.87 46.280241499129
1.88 45.991272343447
1.89 45.710420767268
1.9 45.437438264256
1.91 45.17208720858
1.92 44.91417349643
1.93 44.663513904498
1.94 44.419925209482
1.95 44.183224188076
1.96 43.953227616977
1.97 43.729752272874
1.98 43.512614932467
1.99 43.30163237245
2 43.096621369516
2.01 42.897404942102
2.02 42.703831075612
2.03 42.515753997186
2.04 42.333027933966
2.05 42.155507113098
2.06 41.983045761725
2.07 41.815498106989
2.08 41.652718376035
2.09 41.494560796003
2.1 41.340879594037
2.11 41.191534800238
2.12 41.046409656522
2.13 40.905393207771
2.14 40.768374498859
2.15 40.635242574666
2.16 40.505886480065
2.17 40.380195259933
2.18 40.258057959148
2.19 40.139363622584
2.2 40.024001295124
2.21 39.911864474524
2.22 39.802864470075
2.23 39.696917043955
2.24 39.593937958339
2.25 39.493842975402
2.26 39.396547857321
2.27 39.301968366273
2.28 39.210020264433
2.29 39.120619313974
2.3 39.033681277074
2.31 38.949125453321
2.32 38.866885291953
2.33 38.786897779627
2.34 38.709099902987
2.35 38.63342864869
2.36 38.559821003388
2.37 38.48821395373
2.38 38.418544486368
2.39 38.350749587957
2.4 38.284766245145
2.41 38.220534140621
2.42 38.158003741211
2.43 38.097128209774
2.44 38.037860709178
2.45 37.980154402276
2.46 37.923962451936
2.47 37.869238021014
2.48 37.815934272375
2.49 37.764004368879
2.5 37.713401473387
2.51 37.664080786122
2.52 37.616005656749
2.53 37.569141472295
2.54 37.523453619788
2.55 37.478907486253
2.56 37.435468458716
2.57 37.393101924204
2.58 37.351773269744
2.59 37.311447882364
2.6 37.272091149088
2.61 37.233669986225
2.62 37.196157427198
2.63 37.159528034715
2.64 37.123756371482
2.65 37.088817000205
2.66 37.054684483587
2.67 37.021333384335
2.68 36.988738265156
2.69 36.956873688758
2.7 36.925714217841
2.71 36.895235563744
2.72 36.865418032322
2.73 36.836243078053
2.74 36.807692155427
2.75 36.779746718928
2.76 36.752388223035
2.77 36.725598122232
2.78 36.699357871005
2.79 36.673648923837
2.8 36.648452735211
2.81 36.623751617303
2.82 36.599531313047
2.83 36.575778423071
2.84 36.552479548001
2.85 36.529621288468
2.86 36.507190245094
2.87 36.485173018508
2.88 36.463556209338
2.89 36.442326418209
2.9 36.421470245751
2.91 36.40097492445
2.92 36.380830214234
2.93 36.361026506894
2.94 36.34155419422
2.95 36.322403668001
2.96 36.303565320026
2.97 36.285029542087
2.98 36.266786725974
2.99 36.248827263472
3 36.231141546377
3.01 36.213720424515
3.02 36.19655657988
3.03 36.179643152503
3.04 36.162973282415
3.05 36.146540109646
3.06 36.130336774235
3.07 36.114356416206
3.08 36.098592175596
3.09 36.083037192436
3.1 36.067684606756
3.11 36.052527886919
3.12 36.037561814598
3.13 36.022781499801
3.14 36.008182052531
3.15 35.993758582795
3.16 35.979506200594
3.17 35.965420015933
3.18 35.951495138822
3.19 35.937726679258
3.2 35.924109747253
3.21 35.910639687937
3.22 35.897312786969
3.23 35.884125565137
3.24 35.871074543223
3.25 35.858156242019
3.26 35.845367182308
3.27 35.832703884878
3.28 35.820162870515
3.29 35.807740660008
3.3 35.795433774144
3.31 35.78323890336
3.32 35.771153416704
3.33 35.759174852883
3.34 35.747300750593
3.35 35.735528648538
3.36 35.72385608542
3.37 35.712280599938
3.38 35.700799730799
3.39 35.6894110167
3.4 35.678111996343
3.41 35.666900331771
3.42 35.655774178386
3.43 35.644731814931
3.44 35.633771520146
3.45 35.622891572774
3.46 35.612090251559
3.47 35.60136583524
3.48 35.590716602562
3.49 35.580140832267
3.5 35.569636803097
3.51 35.55920288274
3.52 35.54883779467
3.53 35.538540351309
3.54 35.52830936508
3.55 35.518143648401
3.56 35.508042013699
3.57 35.498003273389
3.58 35.488026239896
3.59 35.478109725639
3.6 35.468252543043
3.61 35.458453566772
3.62 35.448711920465
3.63 35.439026790017
3.64 35.429397361309
3.65 35.419822820229
3.66 35.410302352669
3.67 35.400835144511
3.68 35.391420381644
3.69 35.382057249959
3.7 35.372744935336
3.71 35.363482664609
3.72 35.354269828364
3.73 35.345105858131
3.74 35.335990185437
3.75 35.326922241812
3.76 35.317901458788
3.77 35.308927267889
3.78 35.299999100648
3.79 35.291116388592
3.8 35.28227856325
3.81 35.273485082286
3.82 35.264735507909
3.83 35.256029428452
3.84 35.247366432262
3.85 35.238746107678
3.86 35.230168043037
3.87 35.221631826684
3.88 35.213137046958
3.89 35.204683292196
3.9 35.196270150742
3.91 35.187897222599
3.92 35.179564154433
3.93 35.171270604569
3.94 35.163016231335
3.95 35.154800693059
3.96 35.146623648069
3.97 35.138484754695
3.98 35.13038367126
3.99 35.122320056093
4 35.114293567525
4.01 35.106303878458
4.02 35.098350720115
4.03 35.09043383829
4.04 35.082552978785
4.05 35.074707887397
4.06 35.066898309922
4.07 35.059123992157
4.08 35.051384679901
4.09 35.043680118954
4.1 35.03601005511
4.11 35.028374234171
4.12 35.020772401934
4.13 35.013204304195
4.14 35.00566968675
4.15 34.9981682954
4.16 34.990699875944
4.17 34.983264174179
4.18 34.9758609359
4.19 34.968489906908
4.2 34.961150832999
4.21 34.953843459973
4.22 34.946567533623
4.23 34.939322799755
4.24 34.93210900416
4.25 34.924925892636
4.26 34.91777321945
4.27 34.910650772724
4.28 34.903558349046
4.29 34.896495745006
4.3 34.889462757189
4.31 34.882459182191
4.32 34.875484816595
4.33 34.868539456989
4.34 34.861622899968
4.35 34.854734942118
4.36 34.847875380025
4.37 34.84104401028
4.38 34.834240629471
4.39 34.827465034189
4.4 34.82071702102
4.41 34.813996386556
4.42 34.807302927381
4.43 34.80063644009
4.44 34.793996721267
4.45 34.787383567502
4.46 34.780796775386
4.47 34.774236141505
4.48 34.767701462449
4.49 34.761192534805
4.5 34.754709155166
4.51 34.748251132269
4.52 34.741818323466
4.53 34.735410598259
4.54 34.729027826145
4.55 34.722669876629
4.56 34.716336619211
4.57 34.710027923393
4.58 34.703743658678
4.59 34.697483694568
4.6 34.691247900563
4.61 34.685036146162
4.62 34.67884830087
4.63 34.672684234187
4.64 34.666543815615
4.65 34.660426914657
4.66 34.654333400813
4.67 34.648263143581
4.68 34.64221601247
4.69 34.636191876977
4.7 34.630190606601
4.71 34.62421207085
4.72 34.618256139219
4.73 34.612322681214
4.74 34.606411566337
4.75 34.600522664083
4.76 34.594655843961
4.77 34.588810975469
4.78 34.582987928112
4.79 34.577186571384
4.8 34.571406774795
4.81 34.565648407838
4.82 34.559911340025
4.83 34.554195440848
4.84 34.548500579811
4.85 34.542826626418
4.86 34.53717345017
4.87 34.531540920568
4.88 34.525928907112
4.89 34.520337279305
4.9 34.514765906649
4.91 34.509214658643
4.92 34.503683404791
4.93 34.498172014593
4.94 34.492680357554
4.95 34.487208303171
4.96 34.481755720946
4.97 34.476322480382
4.98 34.470908450983
4.99 34.465513502245
5 34.460137503674
5.01 34.454780334957
5.02 34.449441916527
5.03 34.444122179007
5.04 34.438821053022
5.05 34.433538469192
5.06 34.428274358138
5.07 34.423028650484
5.08 34.417801276848
5.09 34.412592167857
5.1 34.40740125413
5.11 34.402228466291
5.12 34.397073734961
5.13 34.391936990762
5.14 34.386818164313
5.15 34.381717186242
5.16 34.376633987169
5.17 34.371568497713
5.18 34.366520648499
5.19 34.361490370148
5.2 34.35647759328
5.21 34.351482248521
5.22 34.346504266489
5.23 34.34154357781
5.24 34.336600113105
5.25 34.331673802993
5.26 34.326764578099
5.27 34.321872369044
5.28 34.316997106451
5.29 34.312138720941
5.3 34.307297143134
5.31 34.302472303656
5.32 34.297664133128
5.33 34.29287256217
5.34 34.288097521404
5.35 34.283338941456
5.36 34.278596752944
5.37 34.273870886491
5.38 34.26916127272
5.39 34.26446784225
5.4 34.259790525708
5.41 34.255129253713
5.42 34.250483956886
5.43 34.245854565851
5.44 34.24124101123
5.45 34.236643223642
5.46 34.232061133714
5.47 34.227494672066
5.48 34.222943769316
5.49 34.218408356091
5.5 34.213888363012
5.51 34.2093837207
5.52 34.204894359779
5.53 34.200420210866
5.54 34.19596120459
5.55 34.191517271566
5.56 34.187088342421
5.57 34.182674347777
5.58 34.178275218255
5.59 34.173890884475
5.6 34.169521277058
5.61 34.165166326632
5.62 34.160825963815
5.63 34.156500119228
5.64 34.152188723498
5.65 34.14789170724
5.66 34.143609001082
5.67 34.139340535643
5.68 34.135086241545
5.69 34.13084604941
5.7 34.126619889863
5.71 34.122407693522
5.72 34.11820939101
5.73 34.11402491295
5.74 34.109854189966
5.75 34.105697152675
5.76 34.101553731703
5.77 34.097423857672
5.78 34.0933074612
5.79 34.089204472915
5.8 34.085114823433
5.81 34.081038443379
5.82 34.076975263377
5.83 34.072925214044
5.84 34.068888226008
5.85 34.064864229886
5.86 34.060853156302
5.87 34.056854935876
5.88 34.052869499235
5.89 34.048896776998
5.9 34.044936699786
5.91 34.04098919822
5.92 34.037054202926
5.93 34.033131644524
5.94 34.029221453637
5.95 34.025323560883
5.96 34.021437896888
5.97 34.017564392273
5.98 34.01370297766
5.99 34.009853583674
6 34.006016140931
6.01 34.002190584722
6.02 33.998376868992
6.03 33.994574952355
6.04 33.990784793421
6.05 33.987006350803
6.06 33.983239583112
6.07 33.979484448961
6.08 33.975740906961
6.09 33.972008915723
6.1 33.968288433861
6.11 33.964579419987
6.12 33.960881832712
6.13 33.957195630646
6.14 33.953520772401
6.15 33.949857216594
6.16 33.946204921831
6.17 33.942563846729
6.18 33.938933949897
6.19 33.935315189945
6.2 33.931707525487
6.21 33.928110915134
6.22 33.924525317501
6.23 33.920950691196
6.24 33.917386994834
6.25 33.913834187024
6.26 33.910292226381
6.27 33.906761071513
6.28 33.903240681037
6.29 33.89973101356
6.3 33.896232027695
6.31 33.892743682055
6.32 33.889265935253
6.33 33.885798745897
6.34 33.882342072603
6.35 33.878895873981
6.36 33.875460108645
6.37 33.872034735204
6.38 33.868619712269
6.39 33.865214998457
6.4 33.861820552373
6.41 33.858436332634
6.42 33.855062297851
6.43 33.851698406635
6.44 33.848344617599
6.45 33.845000889353
6.46 33.841667180512
6.47 33.838343449684
6.48 33.835029655485
6.49 33.831725756521
6.5 33.828431711412
6.51 33.825147478761
6.52 33.821873017187
6.53 33.818608285298
6.54 33.815353241709
6.55 33.81210784503
6.56 33.808872053871
6.57 33.805645826845
6.58 33.802429122569
6.59 33.799221899647
6.6 33.796024116696
6.61 33.792835732325
6.62 33.789656705148
6.63 33.786486993776
6.64 33.783326556821
6.65 33.780175352895
6.66 33.777033340611
6.67 33.773900478576
6.68 33.770776725408
6.69 33.767662039716
6.7 33.764556380114
6.71 33.761459705211
6.72 33.75837197362
6.73 33.755293143954
6.74 33.752223174824
6.75 33.749162024841
6.76 33.746109652616
6.77 33.743066016765
6.78 33.740031075896
6.79 33.737004788625
6.8 33.733987113559
6.81 33.730978009312
6.82 33.727977434495
6.83 33.724985347723
6.84 33.722001707604
6.85 33.719026472753
6.86 33.716059601781
6.87 33.713101053299
6.88 33.710150785917
6.89 33.707208758251
6.9 33.704274928912
6.91 33.701349256511
6.92 33.69843169966
6.93 33.695522216968
6.94 33.692620767053
6.95 33.689727308522
6.96 33.686841799989
6.97 33.683964200063
6.98 33.68109446736
6.99 33.678232560491
7 33.675378438067
7.01 33.672532061475
7.02 33.669693403219
7.03 33.666862438573
7.04 33.664039142812
7.05 33.661223491215
7.06 33.658415459057
7.07 33.655615021612
7.08 33.652822154163
7.09 33.650036831982
7.1 33.647259030347
7.11 33.644488724535
7.12 33.64172588982
7.13 33.63897050148
7.14 33.636222534791
7.15 33.633481965031
7.16 33.630748767477
7.17 33.628022917402
7.18 33.625304390085
7.19 33.622593160802
7.2 33.619889204831
7.21 33.617192497445
7.22 33.614503013922
7.23 33.611820729542
7.24 33.609145619579
7.25 33.606477659307
7.26 33.603816824007
7.27 33.601163088951
7.28 33.59851642942
7.29 33.595876820687
7.3 33.593244238029
7.31 33.590618656724
7.32 33.588000052046
7.33 33.585388399275
7.34 33.582783673688
7.35 33.580185850557
7.36 33.57759490516
7.37 33.575010812777
7.38 33.57243354868
7.39 33.569863088147
7.4 33.567299406458
7.41 33.564742478885
7.42 33.562192280703
7.43 33.559648787195
7.44 33.557111973633
7.45 33.554581815295
7.46 33.552058287454
7.47 33.549541365393
7.48 33.547031024383
7.49 33.544527239703
7.5 33.542029986632
7.51 33.53953924044
7.52 33.537054976407
7.53 33.534577169811
7.54 33.532105795929
7.55 33.529640830032
7.56 33.527182247403
7.57 33.524730023312
7.58 33.522284133042
7.59 33.519844551867
7.6 33.517411255064
7.61 33.514984217905
7.62 33.512563415675
7.63 33.510148823643
7.64 33.507740417088
7.65 33.505338171286
7.66 33.502942061516
7.67 33.500552063052
7.68 33.498168151171
7.69 33.495790301152
7.7 33.493418488269
7.71 33.491052687796
7.72 33.488692875014
7.73 33.486339025199
7.74 33.483991113625
7.75 33.481649115571
7.76 33.479313006311
7.77 33.476982761124
7.78 33.474658355284
7.79 33.472339764072
7.8 33.47002696276
7.81 33.467719926625
7.82 33.465418630945
7.83 33.463123050997
7.84 33.460833162057
7.85 33.458548939398
7.86 33.456270358301
7.87 33.453997394043
7.88 33.451730021898
7.89 33.44946821714
7.9 33.447211955053
7.91 33.444961210907
7.92 33.44271595998
7.93 33.440476177551
7.94 33.438241838893
7.95 33.436012919285
7.96 33.433789394001
7.97 33.431571238321
7.98 33.429358427521
7.99 33.427150936875
8 33.42494874166
8.01 33.422751818844
8.02 33.420560152147
8.03 33.418373726988
8.04 33.416192528775
8.05 33.414016542924
8.06 33.411845754848
8.07 33.409680149961
8.08 33.407519713672
8.09 33.405364431399
8.1 33.403214288552
8.11 33.401069270547
8.12 33.398929362796
8.13 33.396794550713
8.14 33.39466481971
8.15 33.392540155198
8.16 33.390420542597
8.17 33.388305967315
8.18 33.386196414765
8.19 33.384091870362
8.2 33.381992319521
8.21 33.379897747652
8.22 33.377808140169
8.23 33.375723482485
8.24 33.373643760017
8.25 33.371568958172
8.26 33.369499062368
8.27 33.367434058018
8.28 33.365373930533
8.29 33.363318665325
8.3 33.361268247812
8.31 33.359222663402
8.32 33.357181897514
8.33 33.355145935557
8.34 33.353114762945
8.35 33.351088365092
8.36 33.349066727412
8.37 33.347049835316
8.38 33.345037674218
8.39 33.343030229531
8.4 33.341027486672
8.41 33.339029431047
8.42 33.337036048077
8.43 33.335047323169
8.44 33.333063241741
8.45 33.331083789205
8.46 33.329108950971
8.47 33.327138712454
8.48 33.325173059069
8.49 33.323211976228
8.5 33.321255449346
8.51 33.319303463834
8.52 33.317356005105
8.53 33.315413058574
8.54 33.313474609651
8.55 33.311540643753
8.56 33.309611146293
8.57 33.307686102681
8.58 33.305765498335
8.59 33.303849318663
8.6 33.301937549083
8.61 33.300030175005
8.62 33.298127181842
8.63 33.296228555011
8.64 33.294334279922
8.65 33.29244434199
8.66 33.290558726625
8.67 33.288677419243
8.68 33.286800405258
8.69 33.284927670081
8.7 33.283059199127
8.71 33.28119497781
8.72 33.279334991539
8.73 33.277479225733
8.74 33.2756276658
8.75 33.273780297157
8.76 33.271937105215
8.77 33.270098075387
8.78 33.268263193089
8.79 33.266432443732
8.8 33.264605812728
8.81 33.262783285495
8.82 33.260964847439
8.83 33.259150483981
8.84 33.257340180532
8.85 33.255533922502
8.86 33.253731695305
8.87 33.251933484357
8.88 33.250139275071
8.89 33.248349052857
8.9 33.246562803129
8.91 33.244780511304
8.92 33.243002162794
8.93 33.241227743007
8.94 33.239457237362
8.95 33.237690631272
8.96 33.235927910147
8.97 33.234169059403
8.98 33.232414064452
8.99 33.230662910706
9 33.228915583581
9.01 33.227172068863
9.02 33.225432353834
9.03 33.223696426157
9.04 33.221964273485
9.05 33.220235883475
9.06 33.21851124379
9.07 33.216790342082
9.08 33.215073166014
9.09 33.21335970324
9.1 33.211649941418
9.11 33.209943868211
9.12 33.20824147127
9.13 33.206542738255
9.14 33.204847656826
9.15 33.203156214639
9.16 33.201468399351
9.17 33.19978419862
9.18 33.198103600107
9.19 33.196426591465
9.2 33.194753160358
9.21 33.193083294437
9.22 33.191416981363
9.23 33.189754208795
9.24 33.18809496439
9.25 33.186439235804
9.26 33.184787010695
9.27 33.183138276723
9.28 33.181493021544
9.29 33.179851232817
9.3 33.178212898201
9.31 33.176578005351
9.32 33.174946541925
9.33 33.173318495582
9.34 33.171693853979
9.35 33.170072604776
9.36 33.168454735628
9.37 33.166840234195
9.38 33.165229088133
9.39 33.163621285099
9.4 33.162016812755
9.41 33.160415658754
9.42 33.158817810758
9.43 33.157223256421
9.44 33.155631983403
9.45 33.154043979361
9.46 33.152459231954
9.47 33.15087772884
9.48 33.149299457675
9.49 33.147724406116
9.5 33.146152561825
9.51 33.144583912456
9.52 33.143018445667
9.53 33.141456149116
9.54 33.139897010466
9.55 33.138341017367
9.56 33.13678815748
9.57 33.135238418464
9.58 33.133691787975
9.59 33.132148253675
9.6 33.130607803216
9.61 33.129070424258
9.62 33.127536104459
9.63 33.126004831478
9.64 33.124476592969
9.65 33.122951376594
9.66 33.121429170011
9.67 33.119909960873
9.68 33.118393736844
9.69 33.116880485577
9.7 33.115370194731
9.71 33.113862851967
9.72 33.112358444939
9.73 33.110856961303
9.74 33.109358388722
9.75 33.107862714853
9.76 33.10636992735
9.77 33.104880013875
9.78 33.103392962083
9.79 33.10190875963
9.8 33.10042739418
9.81 33.098948853388
9.82 33.097473124909
9.83 33.096000196405
9.84 33.094530055528
9.85 33.093062689944
9.86 33.091598087305
9.87 33.090136235269
9.88 33.088677121496
9.89 33.087220733642
9.9 33.085767059367
9.91 33.084316086326
9.92 33.082867802178
9.93 33.081422194583
9.94 33.079979251194
9.95 33.078538959675
9.96 33.077101307679
9.97 33.075666282866
9.98 33.07423387289
9.99 33.072804065414
10 33.071376848094
10.01 33.069952209965
10.02 33.068530145575
10.03 33.067110650855
10.04 33.065693721725
10.05 33.064279354113
10.06 33.062867543948
10.07 33.061458287155
10.08 33.06005157966
10.09 33.058647417391
10.1 33.057245796273
10.11 33.05584671223
10.12 33.054450161194
10.13 33.053056139087
10.14 33.051664641836
10.15 33.05027566537
10.16 33.048889205614
10.17 33.047505258495
10.18 33.046123819936
10.19 33.044744885866
10.2 33.043368452213
10.21 33.041994514902
10.22 33.040623069858
10.23 33.039254113009
10.24 33.037887640282
10.25 33.036523647603
10.26 33.035162130896
10.27 33.033803086091
10.28 33.03244650911
10.29 33.031092395884
10.3 33.029740742339
10.31 33.028391544397
10.32 33.02704479799
10.33 33.025700499042
10.34 33.024358643478
10.35 33.023019227224
10.36 33.02168224621
10.37 33.020347696361
10.38 33.019015573602
10.39 33.017685873862
10.4 33.016358593064
10.41 33.015033727135
10.42 33.013711272005
10.43 33.012391223598
10.44 33.01107357784
10.45 33.009758330657
10.46 33.008445477978
10.47 33.007135015726
10.48 33.005826939829
10.49 33.004521246215
10.5 33.003217930808
10.51 33.001916989534
10.52 33.000618418323
10.53 32.999322213098
10.54 32.998028369789
10.55 32.996736884317
10.56 32.995447752613
10.57 32.994160970601
10.58 32.992876534208
10.59 32.991594439362
10.6 32.990314681986
10.61 32.98903725801
10.62 32.987762163359
10.63 32.986489393962
10.64 32.985218945739
10.65 32.98395081462
10.66 32.982684996534
10.67 32.981421487405
10.68 32.980160283156
10.69 32.97890137972
10.7 32.97764477302
10.71 32.976390458982
10.72 32.975138433534
10.73 32.973888692601
10.74 32.97264123211
10.75 32.971396047987
10.76 32.970153136159
10.77 32.968912492553
10.78 32.967674113095
10.79 32.96643799371
10.8 32.965204130324
10.81 32.963972518867
10.82 32.962743155262
10.83 32.961516035439
10.84 32.96029115532
10.85 32.959068510834
10.86 32.957848097907
10.87 32.956629912466
10.88 32.955413950435
10.89 32.954200207745
10.9 32.952988680318
10.91 32.951779364083
10.92 32.950572254963
10.93 32.94936734889
10.94 32.948164641786
10.95 32.946964129579
10.96 32.945765808194
10.97 32.944569673559
10.98 32.943375721601
10.99 32.942183948246
11 32.940994349418
11.01 32.939806921047
11.02 32.938621659055
11.03 32.937438559373
11.04 32.936257617927
11.05 32.935078830639
11.06 32.933902193438
11.07 32.932727702254
11.08 32.931555353006
11.09 32.930385141629
11.1 32.929217064041
11.11 32.928051116177
11.12 32.926887293954
11.13 32.925725593307
11.14 32.924566010156
11.15 32.923408540431
11.16 32.922253180059
11.17 32.921099924964
11.18 32.919948771072
11.19 32.918799714313
11.2 32.91765275061
11.21 32.91650787589
11.22 32.915365086081
11.23 32.914224377108
11.24 32.913085744897
11.25 32.911949185377
11.26 32.91081469447
11.27 32.909682268109
11.28 32.908551902213
11.29 32.907423592715
11.3 32.906297335534
11.31 32.905173126604
11.32 32.904050961849
11.33 32.902930837193
11.34 32.901812748565
11.35 32.900696691888
11.36 32.899582663093
11.37 32.898470658104
11.38 32.897360672847
11.39 32.896252703249
11.4 32.89514674524
11.41 32.894042794739
11.42 32.892940847679
11.43 32.891840899981
11.44 32.890742947575
11.45 32.889646986388
11.46 32.888553012343
11.47 32.887461021371
11.48 32.886371009394
11.49 32.885282972342
11.5 32.884196906138
11.51 32.88311280671
11.52 32.882030669985
11.53 32.880950491889
11.54 32.879872268349
11.55 32.878795995291
11.56 32.877721668641
11.57 32.876649284324
11.58 32.875578838271
11.59 32.874510326403
11.6 32.87344374465
11.61 32.872379088938
11.62 32.87131635519
11.63 32.870255539336
11.64 32.869196637302
11.65 32.868139645015
11.66 32.867084558401
11.67 32.866031373384
11.68 32.864980085893
11.69 32.863930691852
11.7 32.862883187193
11.71 32.861837567834
11.72 32.860793829709
11.73 32.85975196874

