1.5 65.117700739723
1.51 64.30567875543
1.52 63.515676846237
1.53 62.747230629479
1.54 61.999875722488
1.55 61.273147742597
1.56 60.566582307138
1.57 59.879715033447
1.58 59.212081538852
1.59 58.563217440688
1.6 57.932658356287
1.61 57.319931655569
1.62 56.724531718799
1.63 56.145944678825
1.64 55.583656668498
1.65 55.037153820666
1.66 54.505922268181
1.67 53.989448143892
1.68 53.487217580651
1.69 52.998716711305
1.7 52.523431668704
1.71 52.060889822769
1.72 51.610783491696
1.73 51.172846230744
1.74 50.746811595185
1.75 50.332413140278
1.76 49.929384421287
1.77 49.537458993476
1.78 49.156370412113
1.79 48.785852232459
1.8 48.42563800978
1.81 48.07546480978
1.82 47.735083739916
1.83 47.40424941809
1.84 47.082716462201
1.85 46.770239490152
1.86 46.46657311984
1.87 46.171471969165
1.88 45.884690656029
1.89 45.605983798331
1.9 45.33510601397
1.91 45.071822283337
1.92 44.815939036785
1.93 44.567273067155
1.94 44.325641167291
1.95 44.090860130037
1.96 43.862746748234
1.97 43.641117814726
1.98 43.425790122355
1.99 43.216580463966
2 43.013305632401
2.01 42.815788794325
2.02 42.623878611691
2.03 42.437430120277
2.04 42.256298355853
2.05 42.080338354205
2.06 41.909405151101
2.07 41.743353782318
2.08 41.582039283637
2.09 41.42531669083
2.1 41.273041039671
2.11 41.125073115212
2.12 40.981296699587
2.13 40.841601324208
2.14 40.705876520478
2.15 40.574011819811
2.16 40.44589675361
2.17 40.321420853288
2.18 40.200473650254
2.19 40.082944675912
2.2 39.968723461672
2.21 39.857703986859
2.22 39.749798022461
2.23 39.644921787382
2.24 39.542991500525
2.25 39.443923380795
2.26 39.347633647092
2.27 39.254038518322
2.28 39.163054213391
2.29 39.074596951198
2.3 38.988582950649
2.31 38.904931952087
2.32 38.823577781618
2.33 38.744457786781
2.34 38.667509315125
2.35 38.592669714188
2.36 38.519876331517
2.37 38.449066514656
2.38 38.380177611148
2.39 38.313146968535
2.4 38.247911934363
2.41 38.184412541746
2.42 38.122599566086
2.43 38.062426468358
2.44 38.003846709538
2.45 37.946813750593
2.46 37.891281052503
2.47 37.837202076239
2.48 37.784530282776
2.49 37.73321913309
2.5 37.68322208815
2.51 37.634494636772
2.52 37.587000379118
2.53 37.540704943195
2.54 37.495573957002
2.55 37.451573048547
2.56 37.408667845829
2.57 37.366823976855
2.58 37.326007069626
2.59 37.286182752143
2.6 37.247316652415
2.61 37.209375920166
2.62 37.172333792018
2.63 37.136165026319
2.64 37.100844381411
2.65 37.066346615643
2.66 37.032646487361
2.67 36.999718754911
2.68 36.967538176637
2.69 36.936079510886
2.7 36.905317516006
2.71 36.875228092783
2.72 36.845791711786
2.73 36.816989986023
2.74 36.788804528497
2.75 36.761216952223
2.76 36.734208870209
2.77 36.707761895461
2.78 36.681857640991
2.79 36.656477719806
2.8 36.631603744913
2.81 36.607218182006
2.82 36.58330690751
2.83 36.559856650534
2.84 36.536854140183
2.85 36.514286105567
2.86 36.492139275796
2.87 36.470400379977
2.88 36.449056147216
2.89 36.428093306627
2.9 36.407498587312
2.91 36.3872593462
2.92 36.367365451478
2.93 36.347807399156
2.94 36.328575685238
2.95 36.309660805736
2.96 36.291053256653
2.97 36.272743533997
2.98 36.254722133776
2.99 36.236979551996
3 36.219506284664
3.01 36.202293282492
3.02 36.185333315023
3.03 36.168619606497
3.04 36.152145381157
3.05 36.135903863251
3.06 36.119888277023
3.07 36.104091846713
3.08 36.088507796569
3.09 36.073129350834
3.1 36.057949733754
3.11 36.042962495226
3.12 36.028162487768
3.13 36.013544889548
3.14 35.999104878747
3.15 35.984837633526
3.16 35.970738332069
3.17 35.956802152537
3.18 35.943024273111
3.19 35.929399871956
3.2 35.915924127248
3.21 35.902592450048
3.22 35.889401182969
3.23 35.876346901518
3.24 35.863426181199
3.25 35.850635597517
3.26 35.837971725976
3.27 35.825431142081
3.28 35.813010421338
3.29 35.800706139252
3.3 35.788514871324
3.31 35.776433360939
3.32 35.764459022989
3.33 35.752589440249
3.34 35.740822195484
3.35 35.729154871469
3.36 35.71758505097
3.37 35.706110316763
3.38 35.694728251618
3.39 35.683436438303
3.4 35.67223245959
3.41 35.661114020129
3.42 35.650079312078
3.43 35.639126649477
3.44 35.628254346362
3.45 35.617460716775
3.46 35.606744074748
3.47 35.596102734327
3.48 35.585535009543
3.49 35.575039214437
3.5 35.564613663048
3.51 35.554256757139
3.52 35.543967249383
3.53 35.533743980173
3.54 35.52358578991
3.55 35.513491518989
3.56 35.503460007808
3.57 35.493490096765
3.58 35.483580626254
3.59 35.473730436673
3.6 35.463938368423
3.61 35.454203323244
3.62 35.44452444828
3.63 35.434900952016
3.64 35.425332042936
3.65 35.415816929534
3.66 35.406354820292
3.67 35.396944923703
3.68 35.387586448247
3.69 35.378278602417
3.7 35.369020594699
3.71 35.359811673718
3.72 35.350651248655
3.73 35.34153876883
3.74 35.33247368356
3.75 35.323455442163
3.76 35.314483493959
3.77 35.305557288267
3.78 35.296676274405
3.79 35.287839901694
3.8 35.279047619449
3.81 35.270298902522
3.82 35.261593327882
3.83 35.252930498033
3.84 35.244310015476
3.85 35.235731482712
3.86 35.227194502242
3.87 35.218698676569
3.88 35.210243608197
3.89 35.201828899623
3.9 35.193454153348
3.91 35.185118983198
3.92 35.176823048279
3.93 35.168566019011
3.94 35.160347565822
3.95 35.152167359136
3.96 35.144025069381
3.97 35.135920366979
3.98 35.127852922356
3.99 35.11982240594
4 35.11182848815
4.01 35.103870853276
4.02 35.095949241043
4.03 35.088063405038
4.04 35.080213098841
4.05 35.072398076044
4.06 35.064618090232
4.07 35.056872894984
4.08 35.049162243895
4.09 35.041485890542
4.1 35.033843588518
4.11 35.026235091404
4.12 35.018660152785
4.13 35.011118526251
4.14 35.003609965384
4.15 34.996134223774
4.16 34.988691055
4.17 34.981280212653
4.18 34.973901450318
4.19 34.966554521577
4.2 34.95923918002
4.21 34.951955179231
4.22 34.944702272793
4.23 34.937480214297
4.24 34.930288757325
4.25 34.923127655464
4.26 34.915996670238
4.27 34.908895594926
4.28 34.901824230752
4.29 34.89478237893
4.3 34.887769840681
4.31 34.880786417226
4.32 34.873831909781
4.33 34.86690611957
4.34 34.860008847809
4.35 34.853139895721
4.36 34.84629906452
4.37 34.839486155427
4.38 34.832700969667
4.39 34.82594330845
4.4 34.819212973002
4.41 34.812509764541
4.42 34.805833484286
4.43 34.799183933454
4.44 34.79256091327
4.45 34.785964224948
4.46 34.779393669708
4.47 34.772849048771
4.48 34.766330163358
4.49 34.759836814684
4.5 34.753368803973
4.51 34.746925944217
4.52 34.740508095518
4.53 34.73411512975
4.54 34.727746918793
4.55 34.721403334519
4.56 34.715084248809
4.57 34.708789533535
4.58 34.702519060575
4.59 34.696272701807
4.6 34.690050329104
4.61 34.683851814345
4.62 34.677677029405
4.63 34.671525846159
4.64 34.665398136488
4.65 34.659293772262
4.66 34.653212625363
4.67 34.647154567662
4.68 34.641119471042
4.69 34.635107207372
4.7 34.629117648532
4.71 34.623150666398
4.72 34.617206132845
4.73 34.611283919753
4.74 34.605383898995
4.75 34.599505942447
4.76 34.593649921987
4.77 34.587815709491
4.78 34.582003176835
4.79 34.576212195894
4.8 34.570442638546
4.81 34.564694376668
4.82 34.558967282134
4.83 34.55326122682
4.84 34.547576082606
4.85 34.541911721366
4.86 34.536268014976
4.87 34.530644835309
4.88 34.52504205425
4.89 34.519459543669
4.9 34.51389717544
4.91 34.508354821445
4.92 34.502832353558
4.93 34.497329643657
4.94 34.491846563613
4.95 34.486382985308
4.96 34.480938780616
4.97 34.475513821413
4.98 34.470107979577
4.99 34.464721126983
5 34.459353135505
5.01 34.454003886923
5.02 34.448673302607
5.03 34.443361313832
5.04 34.43806785187
5.05 34.432792847992
5.06 34.427536233471
5.07 34.422297939583
5.08 34.417077897595
5.09 34.411876038783
5.1 34.406692294421
5.11 34.401526595779
5.12 34.396378874129
5.13 34.391249060746
5.14 34.386137086902
5.15 34.38104288387
5.16 34.375966382921
5.17 34.37090751533
5.18 34.365866212365
5.19 34.360842405305
5.2 34.355836025418
5.21 34.350847003978
5.22 34.345875272257
5.23 34.340920761528
5.24 34.335983403066
5.25 34.33106312814
5.26 34.326159868025
5.27 34.321273553993
5.28 34.316404117317
5.29 34.311551489265
5.3 34.306715601119
5.31 34.301896384142
5.32 34.297093769612
5.33 34.292307688802
5.34 34.287538072982
5.35 34.282784853424
5.36 34.278047961404
5.37 34.273327328195
5.38 34.268622885064
5.39 34.26393456329
5.4 34.259262294141
5.41 34.254606008891
5.42 34.249965638813
5.43 34.245341115182
5.44 34.240732369267
5.45 34.236139332343
5.46 34.23156193568
5.47 34.227000110552
5.48 34.222453788232
5.49 34.217922899992
5.5 34.213407377106
5.51 34.208907150845
5.52 34.204422152483
5.53 34.199952313293
5.54 34.195497564543
5.55 34.191057837513
5.56 34.18663306347
5.57 34.182223173687
5.58 34.17782809944
5.59 34.173447771997
5.6 34.169082122637
5.61 34.164731082626
5.62 34.160394583239
5.63 34.15607255575
5.64 34.151764931433
5.65 34.147471641557
5.66 34.143192617393
5.67 34.13892779022
5.68 34.134677091306
5.69 34.130440451925
5.7 34.126217803349
5.71 34.122009076851
5.72 34.117814203703
5.73 34.11363311518
5.74 34.109465742551
5.75 34.105312017093
5.76 34.101171870076
5.77 34.09704523277
5.78 34.092932036452
5.79 34.088832212394
5.8 34.084745691865
5.81 34.080672406143
5.82 34.076612286497
5.83 34.072565264199
5.84 34.068531270525
5.85 34.064510236744
5.86 34.060502094131
5.87 34.056506773957
5.88 34.052524207499
5.89 34.048554326022
5.9 34.044597060807
5.91 34.040652343119
5.92 34.036720104237
5.93 34.032800275428
5.94 34.028892787967
5.95 34.02499757313
5.96 34.021114562185
5.97 34.017243686405
5.98 34.013384877064
5.99 34.009538065436
6 34.005703182791
6.01 34.00188016498
6.02 33.99806896617
6.03 33.994269545101
6.04 33.990481860516
6.05 33.986705871157
6.06 33.98294153577
6.07 33.979188813092
6.08 33.975447661867
6.09 33.971718040841
6.1 33.967999908753
6.11 33.964293224348
6.12 33.960597946365
6.13 33.956914033548
6.14 33.953241444644
6.15 33.949580138388
6.16 33.945930073528
6.17 33.942291208803
6.18 33.938663502959
6.19 33.935046914734
6.2 33.931441402873
6.21 33.927846926121
6.22 33.924263443216
6.23 33.920690912903
6.24 33.917129293927
6.25 33.913578545025
6.26 33.910038624939
6.27 33.906509492419
6.28 33.902991106202
6.29 33.899483425029
6.3 33.895986407649
6.31 33.892500012796
6.32 33.889024199221
6.33 33.885558925661
6.34 33.882104150859
6.35 33.878659833559
6.36 33.875225932502
6.37 33.871802406434
6.38 33.868389214093
6.39 33.864986314224
6.4 33.86159366557
6.41 33.85821122687
6.42 33.854838956871
6.43 33.851476814313
6.44 33.848124757938
6.45 33.84478274649
6.46 33.841450738709
6.47 33.838128693343
6.48 33.834816569129
6.49 33.83151432481
6.5 33.828221919133
6.51 33.824939310835
6.52 33.821666458663
6.53 33.818403321355
6.54 33.815149857656
6.55 33.811906026309
6.56 33.808671786056
6.57 33.80544709564
6.58 33.802231913803
6.59 33.799026199285
6.6 33.795829910831
6.61 33.792643007185
6.62 33.789465447087
6.63 33.786297189283
6.64 33.783138192509
6.65 33.779988415513
6.66 33.776847817034
6.67 33.773716355819
6.68 33.770593990607
6.69 33.76748068014
6.7 33.764376383162
6.71 33.761281058416
6.72 33.758194664644
6.73 33.755117160588
6.74 33.752048504989
6.75 33.748988656592
6.76 33.745937574141
6.77 33.742895216373
6.78 33.739861542036
6.79 33.736836509869
6.8 33.733820078616
6.81 33.73081220702
6.82 33.727812853823
6.83 33.724821977764
6.84 33.721839537591
6.85 33.718865492046
6.86 33.715899799866
6.87 33.712942419801
6.88 33.709993310587
6.89 33.707052430969
6.9 33.70411973969
6.91 33.701195195494
6.92 33.69827875712
6.93 33.695370383311
6.94 33.692470032812
6.95 33.689577664365
6.96 33.686693236711
6.97 33.68381670859
6.98 33.68094803875
6.99 33.678087185933
7 33.675234108878
7.01 33.672388769094
7.02 33.669551139145
7.03 33.666721194366
7.04 33.663898910087
7.05 33.661084261636
7.06 33.658277224347
7.07 33.655477773547
7.08 33.652685884573
7.09 33.64990153275
7.1 33.647124693413
7.11 33.64435534189
7.12 33.641593453514
7.13 33.638839003615
7.14 33.636091967526
7.15 33.633352320575
7.16 33.630620038093
7.17 33.627895095415
7.18 33.625177467864
7.19 33.62246713078
7.2 33.619764059489
7.21 33.617068229321
7.22 33.614379615611
7.23 33.611698193687
7.24 33.60902393888
7.25 33.60635682652
7.26 33.603696831943
7.27 33.601043930473
7.28 33.598398097446
7.29 33.59575930819
7.3 33.593127538039
7.31 33.59050276232
7.32 33.587884956367
7.33 33.58527409551
7.34 33.58267015508
7.35 33.580073110406
7.36 33.577482936823
7.37 33.574899609659
7.38 33.572323104245
7.39 33.569753395914
7.4 33.567190459996
7.41 33.564634271819
7.42 33.562084806718
7.43 33.55954204002
7.44 33.557005947061
7.45 33.554476503166
7.46 33.551953683674
7.47 33.549437463905
7.48 33.546927819199
7.49 33.544424724886
7.5 33.541928156293
7.51 33.539438088752
7.52 33.536954497595
7.53 33.534477358151
7.54 33.532006645756
7.55 33.529542335735
7.56 33.527084403423
7.57 33.524632824147
7.58 33.522187573241
7.59 33.519748626037
7.6 33.517315957863
7.61 33.514889544049
7.62 33.512469359931
7.63 33.510055380835
7.64 33.507647582096
7.65 33.505245939042
7.66 33.502850427003
7.67 33.500461021314
7.68 33.498077697303
7.69 33.495700430301
7.7 33.493329195638
7.71 33.490963968648
7.72 33.48860472466
7.73 33.486251439006
7.74 33.483904087016
7.75 33.48156264402
7.76 33.479227085353
7.77 33.476897386339
7.78 33.474573522317
7.79 33.472255468611
7.8 33.469943200554
7.81 33.46763669348
7.82 33.465335922718
7.83 33.463040863596
7.84 33.460751491449
7.85 33.458467781608
7.86 33.4561897094
7.87 33.45391725016
7.88 33.451650379216
7.89 33.449389071899
7.9 33.447133303543
7.91 33.444883049477
7.92 33.442638285032
7.93 33.44039898554
7.94 33.438165126328
7.95 33.435936682731
7.96 33.433713630079
7.97 33.431495943703
7.98 33.429283598936
7.99 33.427076571101
8 33.424874835538
8.01 33.422678369256
8.02 33.420487156004
8.03 33.41830118121
8.04 33.416120430303
8.05 33.41394488871
8.06 33.411774541864
8.07 33.409609375192
8.08 33.407449374125
8.09 33.405294524091
8.1 33.40314481052
8.11 33.401000218838
8.12 33.398860734478
8.13 33.39672634287
8.14 33.39459702944
8.15 33.392472779615
8.16 33.390353578831
8.17 33.388239412515
8.18 33.386130266093
8.19 33.384026124995
8.2 33.381926974653
8.21 33.379832800495
8.22 33.37774358795
8.23 33.375659322448
8.24 33.373579989417
8.25 33.371505574284
8.26 33.369436062482
8.27 33.367371439442
8.28 33.365311690587
8.29 33.363256801351
8.3 33.361206757162
8.31 33.359161543448
8.32 33.357121145637
8.33 33.355085549161
8.34 33.353054739451
8.35 33.351028701932
8.36 33.349007422035
8.37 33.346990885192
8.38 33.344979076827
8.39 33.342971982369
8.4 33.340969587253
8.41 33.338971876905
8.42 33.336978836753
8.43 33.334990452228
8.44 33.333006708761
8.45 33.331027591776
8.46 33.329053086705
8.47 33.327083178977
8.48 33.325117854023
8.49 33.323157097273
8.5 33.321200894149
8.51 33.319249230088
8.52 33.317302090516
8.53 33.315359460864
8.54 33.313421326557
8.55 33.311487673029
8.56 33.309558485708
8.57 33.30763375002
8.58 33.305713451399
8.59 33.30379757527
8.6 33.301886107065
8.61 33.299979032214
8.62 33.298076336142
8.63 33.296178004282
8.64 33.294284022061
8.65 33.29239437491
8.66 33.290509048257
8.67 33.288628027532
8.68 33.286751298164
8.69 33.284878845583
8.7 33.283010655216
8.71 33.281146712491
8.72 33.279287002844
8.73 33.277431511698
8.74 33.275580224486
8.75 33.273733126632
8.76 33.271890203571
8.77 33.27005144073
8.78 33.268216823536
8.79 33.266386337422
8.8 33.264559967816
8.81 33.262737700145
8.82 33.260919519841
8.83 33.259105412333
8.84 33.257295363047
8.85 33.255489357416
8.86 33.253687380866
8.87 33.25188941883
8.88 33.250095456735
8.89 33.248305480009
8.9 33.246519474085
8.91 33.244737424388
8.92 33.242959316348
8.93 33.241185135398
8.94 33.239414866963
8.95 33.237648496473
8.96 33.235886009359
8.97 33.234127391049
8.98 33.232372626971
8.99 33.230621702558
9 33.228874603235
9.01 33.227131314807
9.02 33.225391824566
9.03 33.223656120185
9.04 33.221924189327
9.05 33.220196019658
9.06 33.218471598854
9.07 33.216750914575
9.08 33.215033954493
9.09 33.213320706275
9.1 33.211611157589
9.11 33.209905296102
9.12 33.208203109481
9.13 33.206504585395
9.14 33.204809711512
9.15 33.203118475501
9.16 33.201430865028
9.17 33.199746867762
9.18 33.19806647137
9.19 33.19638966352
9.2 33.194716431878
9.21 33.193046764116
9.22 33.191380647897
9.23 33.189718070895
9.24 33.188059020773
9.25 33.186403485198
9.26 33.184751451842
9.27 33.183102908371
9.28 33.181457842453
9.29 33.179816241752
9.3 33.178178093941
9.31 33.176543386687
9.32 33.174912107659
9.33 33.173284244519
9.34 33.171659784939
9.35 33.170038716588
9.36 33.168421027133
9.37 33.16680670424
9.38 33.165195735577
9.39 33.163588108812
9.4 33.161983811617
9.41 33.160382831655
9.42 33.158785156595
9.43 33.157190774104
9.44 33.155599671853
9.45 33.154011837507
9.46 33.152427258734
9.47 33.150845923205
9.48 33.149267818584
9.49 33.147692932539
9.5 33.14612125274
9.51 33.144552766854
9.52 33.142987462547
9.53 33.141425327491
9.54 33.139866349349
9.55 33.138310515794
9.56 33.136757814489
9.57 33.135208233106
9.58 33.133661759309
9.59 33.132118380766
9.6 33.130578085148
9.61 33.129040860122
9.62 33.127506693354
9.63 33.125975572515
9.64 33.124447485268
9.65 33.122922419286
9.66 33.121400362232
9.67 33.119881301777
9.68 33.118365225587
9.69 33.116852121332
9.7 33.11534197668
9.71 33.113834779298
9.72 33.112330516852
9.73 33.110829177012
9.74 33.109330747443
9.75 33.107835215816
9.76 33.106342569799
9.77 33.104852797059
9.78 33.103365885261
9.79 33.101881822076
9.8 33.100400595172
9.81 33.098922192217
9.82 33.097446600875
9.83 33.09597380882
9.84 33.094503803715
9.85 33.093036573229
9.86 33.091572105028
9.87 33.090110386785
9.88 33.088651406165
9.89 33.087195150834
9.9 33.085741608461
9.91 33.084290766718
9.92 33.082842613266
9.93 33.081397135776
9.94 33.079954321916
9.95 33.078514159354
9.96 33.077076635758
9.97 33.075641738798
9.98 33.074209456136
9.99 33.072779775443
10 33.071352684387
10.01 33.069928172012
10.02 33.068506232871
10.03 33.067086862888
10.04 33.065670057994
10.05 33.064255814113
10.06 33.062844127174
10.07 33.061434993104
10.08 33.060028407832
10.09 33.058624367282
10.1 33.057222867388
10.11 33.055823904069
10.12 33.054427473258
10.13 33.053033570884
10.14 33.051642192868
10.15 33.050253335144
10.16 33.048866993635
10.17 33.04748316427
10.18 33.046101842976
10.19 33.044723025682
10.2 33.043346708314
10.21 33.041972886798
10.22 33.040601557065
10.23 33.039232715042
10.24 33.037866356652
10.25 33.036502477828
10.26 33.035141074495
10.27 33.033782142579
10.28 33.032425678012
10.29 33.031071676717
10.3 33.029720134621
10.31 33.028371047656
10.32 33.027024411745
10.33 33.025680222816
10.34 33.0243384768
10.35 33.022999169623
10.36 33.021662297209
10.37 33.02032785549
10.38 33.01899584039
10.39 33.017666247838
10.4 33.016339073764
10.41 33.01501431409
10.42 33.013691964749
10.43 33.012372021664
10.44 33.011054480765
10.45 33.009739337979
10.46 33.00842658923
10.47 33.007116230453
10.48 33.00580825757
10.49 33.004502666507
10.5 33.003199453197
10.51 33.001898613563
10.52 33.000600143532
10.53 32.999304039036
10.54 32.998010296001
10.55 32.99671891035
10.56 32.995429878017
10.57 32.994143194924
10.58 32.992858857001
10.59 32.991576860174
10.6 32.990297200372
10.61 32.989019873524
10.62 32.987744875553
10.63 32.986472202391
10.64 32.98520184996
10.65 32.983933814195
10.66 32.982668091017
10.67 32.981404676355
10.68 32.980143566138
10.69 32.978884756293
10.7 32.977628242748
10.71 32.976374021428
10.72 32.975122088262
10.73 32.973872439178
10.74 32.972625070104
10.75 32.971379976965
10.76 32.970137155689
10.77 32.968896602204
10.78 32.967658312439
10.79 32.966422282322
10.8 32.965188507775
10.81 32.963956984731
10.82 32.962727709116
10.83 32.961500676854
10.84 32.96027588388
10.85 32.959053326113
10.86 32.957832999485
10.87 32.956614899923
10.88 32.955399023358
10.89 32.954185365709
10.9 32.952973922909
10.91 32.951764690885
10.92 32.950557665565
10.93 32.949352842877
10.94 32.948150218743
10.95 32.946949789098
10.96 32.945751549864
10.97 32.944555496969
10.98 32.943361626343
10.99 32.942169933912
11 32.940980415605
11.01 32.939793067347
11.02 32.938607885069
11.03 32.937424864694
11.04 32.936244002152
11.05 32.93506529337
11.06 32.933888734273
11.07 32.932714320794
11.08 32.931542048857
11.09 32.930371914387
11.1 32.929203913318
11.11 32.928038041571
11.12 32.926874295078
11.13 32.925712669764
11.14 32.924553161555
11.15 32.923395766384
11.16 32.922240480174
11.17 32.921087298852
11.18 32.919936218346
11.19 32.918787234587
11.2 32.917640343497
11.21 32.91649554101
11.22 32.915352823047
11.23 32.91421218554
11.24 32.913073624413
11.25 32.911937135596
11.26 32.910802715014
11.27 32.909670358597
11.28 32.908540062273
11.29 32.907411821965
11.3 32.906285633605
11.31 32.905161493119
11.32 32.904039396434
11.33 32.902919339476
11.34 32.901801318175
11.35 32.90068532846
11.36 32.899571366254
11.37 32.898459427486
11.38 32.897349508084
11.39 32.896241603976
11.4 32.895135711088
11.41 32.894031825351
11.42 32.892929942687
11.43 32.891830059028
11.44 32.890732170299
11.45 32.889636272428
11.46 32.888542361342
11.47 32.88745043297
11.48 32.886360483238
11.49 32.885272508076
11.5 32.884186503408
11.51 32.883102465162
11.52 32.882020389268
11.53 32.880940271649
11.54 32.879862108238
11.55 32.878785894958
11.56 32.877711627738
11.57 32.876639302508
11.58 32.87556891519
11.59 32.874500461716
11.6 32.873433938012
11.61 32.872369340004
11.62 32.871306663624
11.63 32.870245904794
11.64 32.869187059444
11.65 32.868130123501
11.66 32.867075092894
11.67 32.866021963549
11.68 32.864970731392
11.69 32.863921392353
11.7 32.862873942359
11.71 32.861828377338
11.72 32.860784693214
11.73 32.859742885917

