1.5 51.740372035722
1.51 51.245601868473
1.52 50.767490066713
1.53 50.30562382279
1.54 49.859590329058
1.55 49.428976777863
1.56 49.013370361557
1.57 48.612358272486
1.58 48.225527703007
1.59 47.852465845463
1.6 47.492759892207
1.61 47.14598993957
1.62 46.811707699801
1.63 46.489457789136
1.64 46.178784823805
1.65 45.879233420045
1.66 45.590348194087
1.67 45.311673762161
1.68 45.042754740504
1.69 44.783135745349
1.7 44.532361392924
1.71 44.290011779563
1.72 44.055808921987
1.73 43.82951031701
1.74 43.610873461453
1.75 43.399655852134
1.76 43.195614985867
1.77 42.998508359472
1.78 42.808093469769
1.79 42.624127813569
1.8 42.446368887696
1.81 42.274583386155
1.82 42.108574791725
1.83 41.948155784364
1.84 41.793139044039
1.85 41.643337250721
1.86 41.498563084367
1.87 41.358629224945
1.88 41.223348352424
1.89 41.092533146763
1.9 40.965996287928
1.91 40.843560178167
1.92 40.725086108835
1.93 40.610445093572
1.94 40.499508146019
1.95 40.392146279816
1.96 40.288230508594
1.97 40.187631845997
1.98 40.090221305665
1.99 39.995869901233
2 39.904448646343
2.01 39.815834730301
2.02 39.729930045106
2.03 39.646642658418
2.04 39.565880637903
2.05 39.487552051225
2.06 39.411564966054
2.07 39.337827450049
2.08 39.266247570877
2.09 39.196733396204
2.1 39.129192993691
2.11 39.063539348402
2.12 38.999705114965
2.13 38.937627865406
2.14 38.877245171753
2.15 38.818494606032
2.16 38.761313740265
2.17 38.705640146483
2.18 38.651411396707
2.19 38.598565062966
2.2 38.547038717285
2.21 38.496773495665
2.22 38.447724790014
2.23 38.399851556218
2.24 38.35311275016
2.25 38.307467327726
2.26 38.262874244797
2.27 38.21929245726
2.28 38.176680920998
2.29 38.134998591894
2.3 38.094204425834
2.31 38.054259890592
2.32 38.015136501496
2.33 37.976808285765
2.34 37.939249270616
2.35 37.902433483269
2.36 37.866334950944
2.37 37.830927700854
2.38 37.796185760222
2.39 37.762083156263
2.4 37.7285939162
2.41 37.695693689464
2.42 37.663364614362
2.43 37.631590451415
2.44 37.600354961143
2.45 37.569641904069
2.46 37.539435040713
2.47 37.509718131598
2.48 37.480474937244
2.49 37.451689218176
2.5 37.42334473491
2.51 37.395426225548
2.52 37.367922338485
2.53 37.340822699698
2.54 37.314116935162
2.55 37.287794670851
2.56 37.261845532741
2.57 37.236259146802
2.58 37.211025139012
2.59 37.186133135347
2.6 37.161572761778
2.61 37.137334210705
2.62 37.113409940218
2.63 37.089792974825
2.64 37.066476339042
2.65 37.043453057378
2.66 37.020716154344
2.67 36.998258654453
2.68 36.976073582221
2.69 36.954153962151
2.7 36.932492818762
2.71 36.91108351181
2.72 36.889920742048
2.73 36.868999545474
2.74 36.848314958089
2.75 36.827862015888
2.76 36.807635754871
2.77 36.787631211041
2.78 36.767843420391
2.79 36.748267418922
2.8 36.728898242636
2.81 36.709731139473
2.82 36.690762205155
2.83 36.671987747349
2.84 36.653404073718
2.85 36.635007491929
2.86 36.616794309648
2.87 36.598760834541
2.88 36.580903374272
2.89 36.56321823651
2.9 36.545701728915
2.91 36.528350303149
2.92 36.511160986834
2.93 36.494130951592
2.94 36.477257369037
2.95 36.460537410787
2.96 36.44396824846
2.97 36.427547053672
2.98 36.411270998042
2.99 36.395137253188
3 36.379142990723
3.01 36.363285485366
3.02 36.347562424221
3.03 36.331971597485
3.04 36.316510795364
3.05 36.301177808055
3.06 36.285970425764
3.07 36.270886438689
3.08 36.255923637029
3.09 36.241079810993
3.1 36.226352750774
3.11 36.211740323512
3.12 36.197240704095
3.13 36.182852144341
3.14 36.168572896067
3.15 36.1544012111
3.16 36.140335341259
3.17 36.126373538364
3.18 36.112514054236
3.19 36.098755140695
3.2 36.085095049561
3.21 36.071532092517
3.22 36.058064820675
3.23 36.044691845008
3.24 36.031411776494
3.25 36.018223226104
3.26 36.005124804813
3.27 35.992115123592
3.28 35.979192793418
3.29 35.966356425261
3.3 35.953604630099
3.31 35.940936067493
3.32 35.928349591349
3.33 35.915844104164
3.34 35.903418508439
3.35 35.89107170667
3.36 35.878802601351
3.37 35.866610094981
3.38 35.854493090055
3.39 35.842450489072
3.4 35.83048119453
3.41 35.818584148952
3.42 35.80675845498
3.43 35.795003255289
3.44 35.783317692549
3.45 35.771700909431
3.46 35.760152048605
3.47 35.748670252747
3.48 35.737254664526
3.49 35.725904426612
3.5 35.714618681681
3.51 35.70339660498
3.52 35.692237502082
3.53 35.681140711134
3.54 35.670105570288
3.55 35.659131417695
3.56 35.648217591501
3.57 35.637363429857
3.58 35.626568270916
3.59 35.615831452826
3.6 35.605152313734
3.61 35.594530216742
3.62 35.583964624737
3.63 35.57345502556
3.64 35.563000907052
3.65 35.552601757049
3.66 35.54225706339
3.67 35.531966313912
3.68 35.52172899646
3.69 35.511544598866
3.7 35.501412608973
3.71 35.491332532129
3.72 35.481303943706
3.73 35.471326436597
3.74 35.461399603687
3.75 35.451523037861
3.76 35.441696332005
3.77 35.431919079004
3.78 35.42219087175
3.79 35.412511303124
3.8 35.402879966016
3.81 35.393296465082
3.82 35.383760452057
3.83 35.374271590453
3.84 35.364829543778
3.85 35.35543397554
3.86 35.346084549249
3.87 35.336780928414
3.88 35.327522776544
3.89 35.318309757144
3.9 35.309141533728
3.91 35.300017774845
3.92 35.290938169228
3.93 35.281902410652
3.94 35.272910192894
3.95 35.263961209724
3.96 35.255055154925
3.97 35.246191722266
3.98 35.237370605525
3.99 35.228591498477
4 35.219854094896
4.01 35.211158096305
4.02 35.202503235211
4.03 35.193889251863
4.04 35.185315886511
4.05 35.176782879409
4.06 35.168289970808
4.07 35.159836900962
4.08 35.151423410116
4.09 35.14304923853
4.1 35.134714126446
4.11 35.126417814124
4.12 35.118160041809
4.13 35.109940549757
4.14 35.101759078218
4.15 35.093615367441
4.16 35.08550915768
4.17 35.077440189188
4.18 35.069408202213
4.19 35.061412937009
4.2 35.053454133825
4.21 35.045531532915
4.22 35.037644874528
4.23 35.029793898917
4.24 35.021978346336
4.25 35.01419795703
4.26 35.006452477293
4.27 34.998741677543
4.28 34.991065334247
4.29 34.983423223864
4.3 34.975815122856
4.31 34.96824080768
4.32 34.960700054803
4.33 34.953192640678
4.34 34.945718341775
4.35 34.938276934546
4.36 34.930868195459
4.37 34.923491900972
4.38 34.916147827545
4.39 34.90883575164
4.4 34.901555449716
4.41 34.894306698237
4.42 34.887089273663
4.43 34.879902952453
4.44 34.872747511072
4.45 34.865622725977
4.46 34.858528373629
4.47 34.851464230491
4.48 34.84443007302
4.49 34.837425677683
4.5 34.830450820935
4.51 34.823505289775
4.52 34.816588913342
4.53 34.809701531301
4.54 34.802842983331
4.55 34.796013109096
4.56 34.789211748273
4.57 34.782438740532
4.58 34.775693925547
4.59 34.768977142985
4.6 34.76228823252
4.61 34.755627033824
4.62 34.748993386569
4.63 34.742387130424
4.64 34.735808105067
4.65 34.729256150161
4.66 34.722731105383
4.67 34.716232810403
4.68 34.709761104892
4.69 34.703315828523
4.7 34.696896820967
4.71 34.690503921897
4.72 34.684136970983
4.73 34.677795807895
4.74 34.671480272308
4.75 34.665190203895
4.76 34.658925442322
4.77 34.652685827261
4.78 34.646471198391
4.79 34.640281395376
4.8 34.63411625789
4.81 34.627975625608
4.82 34.621859338196
4.83 34.615767235327
4.84 34.609699156677
4.85 34.603654941911
4.86 34.597634430707
4.87 34.591637462732
4.88 34.58566387766
4.89 34.57971351516
4.9 34.573786214907
4.91 34.567881816572
4.92 34.562000159823
4.93 34.556141084335
4.94 34.55030442978
4.95 34.544490035831
4.96 34.538697742154
4.97 34.532927388425
4.98 34.527178814312
4.99 34.52145185949
5 34.515746363631
5.01 34.510062178973
5.02 34.504399208032
5.03 34.498757365895
5.04 34.493136567641
5.05 34.487536728354
5.06 34.481957763123
5.07 34.476399587028
5.08 34.470862115154
5.09 34.465345262584
5.1 34.459848944405
5.11 34.454373075697
5.12 34.448917571548
5.13 34.443482347038
5.14 34.438067317256
5.15 34.432672397281
5.16 34.427297502196
5.17 34.421942547092
5.18 34.416607447048
5.19 34.411292117146
5.2 34.405996472475
5.21 34.400720428118
5.22 34.395463899155
5.23 34.390226800674
5.24 34.385009047757
5.25 34.379810555491
5.26 34.374631238955
5.27 34.369471013236
5.28 34.364329793417
5.29 34.359207494583
5.3 34.354104031818
5.31 34.349019320206
5.32 34.343953274829
5.33 34.338905810774
5.34 34.333876843121
5.35 34.328866286958
5.36 34.323874057367
5.37 34.318900069433
5.38 34.313944238239
5.39 34.309006478869
5.4 34.304086706407
5.41 34.299184835936
5.42 34.294300782542
5.43 34.289434461311
5.44 34.284585787321
5.45 34.27975467566
5.46 34.274941041409
5.47 34.270144799658
5.48 34.265365865485
5.49 34.260604153974
5.5 34.255859580213
5.51 34.251132059285
5.52 34.24642150627
5.53 34.241727836256
5.54 34.237050964328
5.55 34.232390805565
5.56 34.227747275056
5.57 34.223120287881
5.58 34.218509759127
5.59 34.213915603875
5.6 34.209337737214
5.61 34.204776074223
5.62 34.200230529985
5.63 34.195701019591
5.64 34.191187458118
5.65 34.186689760652
5.66 34.182207842279
5.67 34.17774161808
5.68 34.173291003143
5.69 34.168855912548
5.7 34.164436261381
5.71 34.160031964724
5.72 34.155642937663
5.73 34.151269095281
5.74 34.146910352663
5.75 34.142566624892
5.76 34.138237827053
5.77 34.133923874231
5.78 34.129624681505
5.79 34.125340163962
5.8 34.121070236689
5.81 34.116814814764
5.82 34.112573813275
5.83 34.108347147308
5.84 34.104134731943
5.85 34.099936482261
5.86 34.095752313353
5.87 34.0915821403
5.88 34.087425878188
5.89 34.083283442097
5.9 34.07915474711
5.91 34.075039708318
5.92 34.070938240801
5.93 34.066850259641
5.94 34.062775679922
5.95 34.058714416734
5.96 34.054666385152
5.97 34.05063150027
5.98 34.046609677162
5.99 34.04260083092
6 34.038604876623
6.01 34.034621735868
6.02 34.030651356304
6.03 34.02669369208
6.04 34.022748697355
6.05 34.018816326291
6.06 34.014896533037
6.07 34.010989271754
6.08 34.007094496596
6.09 34.003212161723
6.1 33.999342221285
6.11 33.995484629448
6.12 33.991639340359
6.13 33.987806308181
6.14 33.983985487066
6.15 33.980176831173
6.16 33.97638029466
6.17 33.972595831681
6.18 33.968823396393
6.19 33.965062942952
6.2 33.961314425515
6.21 33.957577798241
6.22 33.953853015282
6.23 33.950140030799
6.24 33.946438798946
6.25 33.942749273877
6.26 33.939071409754
6.27 33.93540516073
6.28 33.93175048096
6.29 33.928107324605
6.3 33.92447564582
6.31 33.92085539876
6.32 33.91724653758
6.33 33.913649016441
6.34 33.910062789498
6.35 33.906487810904
6.36 33.902924034821
6.37 33.899371415403
6.38 33.895829906804
6.39 33.892299463185
6.4 33.888780038699
6.41 33.885271587503
6.42 33.881774063754
6.43 33.878287421613
6.44 33.874811615227
6.45 33.871346598763
6.46 33.867892326368
6.47 33.864448752205
6.48 33.861015830426
6.49 33.857593515194
6.5 33.854181760659
6.51 33.850780520978
6.52 33.847389750313
6.53 33.844009402815
6.54 33.840639432641
6.55 33.837279793952
6.56 33.8339304409
6.57 33.830591327642
6.58 33.827262408334
6.59 33.823943637138
6.6 33.820634968203
6.61 33.81733635569
6.62 33.814047753756
6.63 33.810769116554
6.64 33.807500398243
6.65 33.804241552979
6.66 33.800992534919
6.67 33.797753298217
6.68 33.794523797032
6.69 33.79130398552
6.7 33.78809381784
6.71 33.784893248144
6.72 33.78170223059
6.73 33.778520719336
6.74 33.775348668537
6.75 33.772186032349
6.76 33.76903276493
6.77 33.765888820436
6.78 33.762754153024
6.79 33.759628716851
6.8 33.756512466072
6.81 33.753405354843
6.82 33.750307337322
6.83 33.747218367662
6.84 33.744138400027
6.85 33.741067388567
6.86 33.73800528744
6.87 33.734952050805
6.88 33.731907632814
6.89 33.728871987627
6.9 33.7258450694
6.91 33.722826832288
6.92 33.719817230451
6.93 33.716816218043
6.94 33.713823749217
6.95 33.710839778135
6.96 33.707864258952
6.97 33.704897145825
6.98 33.701938392907
6.99 33.69898795436
7 33.696045784335
7.01 33.693111840116
7.02 33.690186091481
7.03 33.687268511329
7.04 33.684359072562
7.05 33.681457748083
7.06 33.678564510792
7.07 33.675679333593
7.08 33.672802189384
7.09 33.669933051071
7.1 33.667071891551
7.11 33.664218683729
7.12 33.661373400504
7.13 33.65853601478
7.14 33.655706499456
7.15 33.652884827436
7.16 33.65007097162
7.17 33.64726490491
7.18 33.644466600207
7.19 33.641676030413
7.2 33.63889316843
7.21 33.636117987159
7.22 33.633350459501
7.23 33.630590558359
7.24 33.627838256636
7.25 33.625093527228
7.26 33.62235634304
7.27 33.619626676974
7.28 33.616904501931
7.29 33.614189790812
7.3 33.611482516521
7.31 33.608782651956
7.32 33.606090170022
7.33 33.603405043616
7.34 33.600727245645
7.35 33.598056749008
7.36 33.595393526602
7.37 33.592737551337
7.38 33.59008879611
7.39 33.587447233823
7.4 33.584812837376
7.41 33.582185579673
7.42 33.579565433617
7.43 33.576952372105
7.44 33.574346368042
7.45 33.571747394327
7.46 33.569155423864
7.47 33.566570429553
7.48 33.563992384296
7.49 33.561421260993
7.5 33.55885703255
7.51 33.556299671864
7.52 33.553749151837
7.53 33.551205445375
7.54 33.548668525376
7.55 33.546138364739
7.56 33.543614936372
7.57 33.541098213171
7.58 33.538588168039
7.59 33.536084773878
7.6 33.533588003591
7.61 33.531097830079
7.62 33.528614226241
7.63 33.526137164981
7.64 33.523666619198
7.65 33.521202561799
7.66 33.518744965678
7.67 33.516293803744
7.68 33.513849048893
7.69 33.511410674029
7.7 33.508978652055
7.71 33.506552955867
7.72 33.504133558373
7.73 33.501720432472
7.74 33.499313551066
7.75 33.496912887054
7.76 33.49451841334
7.77 33.492130102826
7.78 33.489747928411
7.79 33.487371862999
7.8 33.485001879491
7.81 33.482637950789
7.82 33.480280049792
7.83 33.477928149403
7.84 33.475582222526
7.85 33.47324224206
7.86 33.470908180906
7.87 33.468580011967
7.88 33.466257708145
7.89 33.46394124234
7.9 33.461630587453
7.91 33.459325716387
7.92 33.457026602045
7.93 33.454733217326
7.94 33.452445535132
7.95 33.450163528367
7.96 33.447887169929
7.97 33.445616432721
7.98 33.443351289643
7.99 33.441091713601
8 33.438837677492
8.01 33.436589156141
8.02 33.434346132055
8.03 33.432108589664
8.04 33.429876513399
8.05 33.427649887683
8.06 33.425428696951
8.07 33.423212925628
8.08 33.421002558146
8.09 33.418797578934
8.1 33.41659797242
8.11 33.414403723033
8.12 33.4122148152
8.13 33.410031233357
8.14 33.407852961926
8.15 33.405679985339
8.16 33.403512288024
8.17 33.401349854412
8.18 33.399192668931
8.19 33.397040716009
8.2 33.394893980076
8.21 33.392752445564
8.22 33.390616096897
8.23 33.388484918507
8.24 33.386358894825
8.25 33.384238010276
8.26 33.382122249288
8.27 33.380011596297
8.28 33.377906035725
8.29 33.375805552006
8.3 33.373710129567
8.31 33.371619752837
8.32 33.369534406246
8.33 33.367454074223
8.34 33.365378741195
8.35 33.363308391593
8.36 33.361243009848
8.37 33.359182580384
8.38 33.357127087635
8.39 33.355076516029
8.4 33.353030849991
8.41 33.350990073956
8.42 33.348954172351
8.43 33.346923129602
8.44 33.344896930143
8.45 33.342875558397
8.46 33.340858998802
8.47 33.338847235776
8.48 33.336840253759
8.49 33.334838037174
8.5 33.33284057045
8.51 33.33084783802
8.52 33.328859824308
8.53 33.326876513746
8.54 33.324897890762
8.55 33.322923939788
8.56 33.320954645248
8.57 33.318989991576
8.58 33.317029963198
8.59 33.315074544543
8.6 33.313123720044
8.61 33.311177474126
8.62 33.309235791221
8.63 33.307298655756
8.64 33.305366052161
8.65 33.303437964863
8.66 33.301514378293
8.67 33.29959527688
8.68 33.297680645055
8.69 33.295770467243
8.7 33.293864727878
8.71 33.291963411383
8.72 33.290066502193
8.73 33.288173984734
8.74 33.286285843434
8.75 33.284402062725
8.76 33.282522627036
8.77 33.280647520795
8.78 33.278776728429
8.79 33.276910234371
8.8 33.275048023047
8.81 33.273190078887
8.82 33.271336386322
8.83 33.26948692978
8.84 33.267641693688
8.85 33.265800662477
8.86 33.263963820578
8.87 33.262131152415
8.88 33.260302642422
8.89 33.258478275027
8.9 33.256658034656
8.91 33.254841905742
8.92 33.253029872713
8.93 33.251221919996
8.94 33.249418032023
8.95 33.247618193221
8.96 33.24582238802
8.97 33.244030600849
8.98 33.242242816139
8.99 33.240459018315
9 33.238679191808
9.01 33.236903321461
9.02 33.235131393768
9.03 33.233363395634
9.04 33.231599313966
9.05 33.229839135671
9.06 33.228082847657
9.07 33.22633043683
9.08 33.224581890096
9.09 33.22283719436
9.1 33.221096336532
9.11 33.219359303517
9.12 33.217626082224
9.13 33.215896659556
9.14 33.214171022419
9.15 33.212449157726
9.16 33.210731052377
9.17 33.209016693284
9.18 33.207306067348
9.19 33.205599161481
9.2 33.203895962588
9.21 33.202196457572
9.22 33.200500633345
9.23 33.198808476813
9.24 33.197119974879
9.25 33.195435114452
9.26 33.193753882439
9.27 33.192076265747
9.28 33.190402251282
9.29 33.18873182595
9.3 33.187064976659
9.31 33.185401690316
9.32 33.183741953825
9.33 33.182085754093
9.34 33.180433078032
9.35 33.178783912542
9.36 33.177138244533
9.37 33.175496060912
9.38 33.173857348585
9.39 33.172222094458
9.4 33.170590285437
9.41 33.168961908432
9.42 33.167336950347
9.43 33.165715398088
9.44 33.164097238564
9.45 33.162482458681
9.46 33.160871045346
9.47 33.159262985463
9.48 33.157658265941
9.49 33.156056873689
9.5 33.154458795609
9.51 33.15286401861
9.52 33.151272529599
9.53 33.149684315483
9.54 33.148099363165
9.55 33.146517659558
9.56 33.144939191564
9.57 33.14336394609
9.58 33.141791910045
9.59 33.140223070332
9.6 33.138657413864
9.61 33.137094927541
9.62 33.135535598272
9.63 33.133979412966
9.64 33.132426358525
9.65 33.130876421859
9.66 33.129329589876
9.67 33.127785849479
9.68 33.126245187579
9.69 33.124707591077
9.7 33.123173046885
9.71 33.121641541908
9.72 33.120113063051
9.73 33.118587597222
9.74 33.117065131328
9.75 33.115545652275
9.76 33.11402914697
9.77 33.11251560232
9.78 33.111005005232
9.79 33.109497342612
9.8 33.107992601365
9.81 33.1064907684
9.82 33.104991830624
9.83 33.103495774943
9.84 33.102002588263
9.85 33.100512257491
9.86 33.099024769536
9.87 33.097540111298
9.88 33.096058269692
9.89 33.09457923162
9.9 33.093102983988
9.91 33.091629513709
9.92 33.090158807681
9.93 33.088690852815
9.94 33.087225636018
9.95 33.085763144196
9.96 33.084303364255
9.97 33.082846283105
9.98 33.081391887647
9.99 33.079940164793
10 33.078491101447
10.01 33.077044685997
10.02 33.07560091276
10.03 33.074159777529
10.04 33.072721276105
10.05 33.071285404281
10.06 33.069852157854
10.07 33.068421532619
10.08 33.066993524376
10.09 33.065568128918
10.1 33.064145342045
10.11 33.062725159549
10.12 33.061307577231
10.13 33.059892590882
10.14 33.058480196303
10.15 33.05707038929
10.16 33.055663165636
10.17 33.05425852114
10.18 33.0528564516
10.19 33.051456952807
10.2 33.050060020564
10.21 33.048665650662
10.22 33.0472738389
10.23 33.045884581076
10.24 33.044497872984
10.25 33.043113710421
10.26 33.041732089181
10.27 33.040353005065
10.28 33.038976453864
10.29 33.037602431382
10.3 33.036230933406
10.31 33.03486195574
10.32 33.033495494178
10.33 33.032131544515
10.34 33.03077010255
10.35 33.029411164076
10.36 33.028054724891
10.37 33.026700780794
10.38 33.025349327576
10.39 33.024000361041
10.4 33.022653876975
10.41 33.021309871184
10.42 33.01996833946
10.43 33.018629277602
10.44 33.017292681403
10.45 33.015958546658
10.46 33.01462686917
10.47 33.013297644731
10.48 33.011970869137
10.49 33.010646538187
10.5 33.009324647673
10.51 33.008005193398
10.52 33.006688171151
10.53 33.005373576736
10.54 33.004061405941
10.55 33.002751654571
10.56 33.001444318415
10.57 33.000139393275
10.58 32.998836874946
10.59 32.997536759222
10.6 32.996239041899
10.61 32.994943718778
10.62 32.993650785651
10.63 32.992360238319
10.64 32.991072072572
10.65 32.989786284212
10.66 32.988502869032
10.67 32.987221822832
10.68 32.985943141404
10.69 32.984666820548
10.7 32.983392856057
10.71 32.982121243731
10.72 32.980851979364
10.73 32.979585058754
10.74 32.978320477695
10.75 32.977058231985
10.76 32.975798317423
10.77 32.974540729798
10.78 32.973285464916
10.79 32.972032518566
10.8 32.970781886548
10.81 32.969533564656
10.82 32.968287548689
10.83 32.967043834441
10.84 32.965802417711
10.85 32.964563294293
10.86 32.963326459984
10.87 32.962091910582
10.88 32.960859641881
10.89 32.959629649678
10.9 32.958401929771
10.91 32.957176477957
10.92 32.955953290027
10.93 32.954732361785
10.94 32.953513689021
10.95 32.952297267536
10.96 32.951083093122
10.97 32.949871161578
10.98 32.948661468702
10.99 32.947454010289
11 32.946248782134
11.01 32.945045780034
11.02 32.943844999784
11.03 32.942646437183
11.04 32.94145008803
11.05 32.940255948115
11.06 32.939064013238
11.07 32.937874279195
11.08 32.936686741782
11.09 32.935501396796
11.1 32.934318240032
11.11 32.933137267287
11.12 32.931958474359
11.13 32.930781857043
11.14 32.929607411137
11.15 32.928435132434
11.16 32.927265016733
11.17 32.92609705983
11.18 32.924931257519
11.19 32.923767605601
11.2 32.92260609987
11.21 32.921446736121
11.22 32.920289510153
11.23 32.919134417762
11.24 32.917981454743
11.25 32.916830616892
11.26 32.915681900009
11.27 32.914535299885
11.28 32.91339081232
11.29 32.912248433109
11.3 32.911108158049
11.31 32.909969982938
11.32 32.908833903571
11.33 32.907699915742
11.34 32.906568015252
11.35 32.905438197895
11.36 32.904310459465
11.37 32.903184795762
11.38 32.902061202582
11.39 32.900939675719
11.4 32.899820210974
11.41 32.898702804139
11.42 32.897587451012
11.43 32.896474147387
11.44 32.895362889064
11.45 32.894253671838
11.46 32.893146491506
11.47 32.892041343865
11.48 32.890938224708
11.49 32.889837129835
11.5 32.88873805504
11.51 32.887640996122
11.52 32.886545948877
11.53 32.885452909096
11.54 32.884361872583
11.55 32.883272835129
11.56 32.882185792534
11.57 32.881100740594
11.58 32.880017675103
11.59 32.878936591858
11.6 32.877857486656
11.61 32.876780355293
11.62 32.875705193567
11.63 32.874631997273
11.64 32.87356076221
11.65 32.87249148417
11.66 32.87142415895
11.67 32.870358782351
11.68 32.869295350163
11.69 32.868233858188
11.7 32.867174302219
11.71 32.866116678053
11.72 32.865060981488
11.73 32.864007208321

