1.5 60.450955713993
1.51 59.805451521494
1.52 59.177586473955
1.53 58.566961825612
1.54 57.973178830712
1.55 57.395838743489
1.56 56.83454281819
1.57 56.288892309056
1.58 55.758488470326
1.59 55.242932556241
1.6 54.741825821042
1.61 54.254762010299
1.62 53.78130483489
1.63 53.32101049702
1.64 52.873435198894
1.65 52.438135142718
1.66 52.014666530695
1.67 51.602585565032
1.68 51.201448447933
1.69 50.810811381605
1.7 50.430230568252
1.71 50.059299753443
1.72 49.697762856198
1.73 49.345401338906
1.74 49.001996663946
1.75 48.66733029371
1.76 48.341183690581
1.77 48.023338316941
1.78 47.713575635179
1.79 47.411677107676
1.8 47.117424196821
1.81 46.83060599539
1.82 46.551042117734
1.83 46.278559808599
1.84 46.012986312723
1.85 45.754148874855
1.86 45.501874739735
1.87 45.255991152104
1.88 45.016325356711
1.89 44.782704598297
1.9 44.554956121606
1.91 44.332915354705
1.92 44.11645045896
1.93 43.905437779063
1.94 43.699753659703
1.95 43.499274445576
1.96 43.303876481367
1.97 43.113436111771
1.98 42.927829681478
1.99 42.746933535178
2 42.570624017562
2.01 42.39878167679
2.02 42.231303874898
2.03 42.06809217739
2.04 41.909048149767
2.05 41.754073357534
2.06 41.603069366196
2.07 41.455937741253
2.08 41.312580048214
2.09 41.172897852579
2.1 41.036792719851
2.11 40.904169570505
2.12 40.774946744884
2.13 40.6490459383
2.14 40.52638884607
2.15 40.406897163499
2.16 40.290492585909
2.17 40.17709680861
2.18 40.066631526911
2.19 39.959018436131
2.2 39.854179231578
2.21 39.752037967824
2.22 39.65252813647
2.23 39.555585588371
2.24 39.461146174387
2.25 39.369145745369
2.26 39.279520152178
2.27 39.192205245671
2.28 39.107136876705
2.29 39.024250896132
2.3 38.943483154815
2.31 38.864772549699
2.32 38.788070162086
2.33 38.713330119379
2.34 38.640506548969
2.35 38.569553578258
2.36 38.500425334634
2.37 38.4330759455
2.38 38.367459538251
2.39 38.303530240282
2.4 38.241242178988
2.41 38.180548354805
2.42 38.12139726032
2.43 38.063736261158
2.44 38.007512722944
2.45 37.952674011302
2.46 37.899167491857
2.47 37.846940530234
2.48 37.795940492058
2.49 37.746114742952
2.5 37.697410648542
2.51 37.649788918661
2.52 37.603263639975
2.53 37.557862243348
2.54 37.513612159655
2.55 37.470540819768
2.56 37.428675654554
2.57 37.388044094888
2.58 37.348673571636
2.59 37.310591515673
2.6 37.273825357869
2.61 37.238365462334
2.62 37.204053926142
2.63 37.170695779606
2.64 37.138096053042
2.65 37.106059776764
2.66 37.074391981086
2.67 37.042897696324
2.68 37.011381952788
2.69 36.979649780796
2.7 36.947506210661
2.71 36.914827797762
2.72 36.881777197737
2.73 36.84858859129
2.74 36.815496159124
2.75 36.782734081942
2.76 36.750536540449
2.77 36.719137715348
2.78 36.688771787342
2.79 36.659672937135
2.8 36.632075345427
2.81 36.606142927396
2.82 36.581758536092
2.83 36.558734759034
2.84 36.536884183745
2.85 36.516019397746
2.86 36.495952988557
2.87 36.476497543701
2.88 36.457465650699
2.89 36.438669897073
2.9 36.419922870341
2.91 36.40107673016
2.92 36.382141924715
2.93 36.363168474331
2.94 36.344206399326
2.95 36.325305720023
2.96 36.306516456739
2.97 36.2878886298
2.98 36.269472259525
2.99 36.251317366232
3 36.233473970247
3.01 36.21598032354
3.02 36.19882760469
3.03 36.181995223934
3.04 36.165462591503
3.05 36.149209117633
3.06 36.133214212552
3.07 36.117457286496
3.08 36.101917749696
3.09 36.086575012385
3.1 36.0714084848
3.11 36.056400932992
3.12 36.041548546306
3.13 36.0268508699
3.14 36.012307448948
3.15 35.997917828605
3.16 35.983681554039
3.17 35.969598170417
3.18 35.955667222898
3.19 35.941888256649
3.2 35.928260816834
3.21 35.914783802048
3.22 35.901453524623
3.23 35.888265650317
3.24 35.875215844891
3.25 35.862299774108
3.26 35.849513103728
3.27 35.836851499516
3.28 35.824310627226
3.29 35.811886152626
3.3 35.799573741474
3.31 35.787369437292
3.32 35.775270794642
3.33 35.763275745851
3.34 35.751382223238
3.35 35.739588159131
3.36 35.727891485852
3.37 35.716290135723
3.38 35.704782041071
3.39 35.693365134216
3.4 35.682037347485
3.41 35.670796667489
3.42 35.65964129801
3.43 35.64856949711
3.44 35.637579522859
3.45 35.626669633328
3.46 35.615838086583
3.47 35.605083140692
3.48 35.594403053721
3.49 35.583796083742
3.5 35.573260488821
3.51 35.562794627626
3.52 35.552397261221
3.53 35.542067251277
3.54 35.531803459454
3.55 35.521604747423
3.56 35.511469976851
3.57 35.501398009399
3.58 35.491387706739
3.59 35.481437930531
3.6 35.471547542447
3.61 35.461715459605
3.62 35.451940820955
3.63 35.442222820895
3.64 35.43256065383
3.65 35.422953514158
3.66 35.413400596284
3.67 35.403901094612
3.68 35.394454203538
3.69 35.385059117469
3.7 35.375715030806
3.71 35.366421178689
3.72 35.357176959219
3.73 35.347981811234
3.74 35.338835173576
3.75 35.329736485083
3.76 35.320685184594
3.77 35.31168071095
3.78 35.302722502993
3.79 35.293809999556
3.8 35.284942639483
3.81 35.276119886739
3.82 35.267341305805
3.83 35.258606486282
3.84 35.249915017774
3.85 35.241266489891
3.86 35.232660492232
3.87 35.224096614404
3.88 35.215574446013
3.89 35.207093576663
3.9 35.198653595958
3.91 35.190254104883
3.92 35.181894749934
3.93 35.173575188993
3.94 35.165295079938
3.95 35.157054080647
3.96 35.148851848998
3.97 35.140688042869
3.98 35.132562320137
3.99 35.124474338682
4 35.116423756381
4.01 35.108410245409
4.02 35.100433535109
4.03 35.09249336913
4.04 35.084589491109
4.05 35.076721644693
4.06 35.068889573517
4.07 35.061093021231
4.08 35.053331731472
4.09 35.045605447883
4.1 35.037913914107
4.11 35.030256873787
4.12 35.022634070564
4.13 35.015045248082
4.14 35.007490149981
4.15 34.999968519902
4.16 34.992480101493
4.17 34.985024638389
4.18 34.977601874236
4.19 34.970211552676
4.2 34.962853417353
4.21 34.955527211904
4.22 34.948232679977
4.23 34.94096956521
4.24 34.933737611245
4.25 34.926536561729
4.26 34.919366168728
4.27 34.912226218028
4.28 34.905116503842
4.29 34.898036820382
4.3 34.890986961863
4.31 34.883966722496
4.32 34.876975896494
4.33 34.870014278069
4.34 34.863081661435
4.35 34.856177840803
4.36 34.84930261039
4.37 34.842455764406
4.38 34.835637097063
4.39 34.828846402576
4.4 34.822083475156
4.41 34.815348109017
4.42 34.808640098372
4.43 34.801959237434
4.44 34.795305320415
4.45 34.788678141527
4.46 34.782077494982
4.47 34.775503174998
4.48 34.768954975783
4.49 34.762432691551
4.5 34.755936116516
4.51 34.749465057164
4.52 34.74301936907
4.53 34.736598920089
4.54 34.730203578073
4.55 34.723833210873
4.56 34.717487686342
4.57 34.711166872329
4.58 34.704870636686
4.59 34.698598847267
4.6 34.692351371923
4.61 34.686128078504
4.62 34.679928834863
4.63 34.673753508852
4.64 34.667601968321
4.65 34.661474081125
4.66 34.655369715114
4.67 34.649288738136
4.68 34.64323101805
4.69 34.637196422702
4.7 34.631184819948
4.71 34.625196077636
4.72 34.619230063618
4.73 34.613286645749
4.74 34.607365691877
4.75 34.601467069855
4.76 34.595590647534
4.77 34.58973629277
4.78 34.583903873409
4.79 34.578093257306
4.8 34.572304312311
4.81 34.566536906279
4.82 34.560790907058
4.83 34.5550661825
4.84 34.549362600458
4.85 34.543680028785
4.86 34.538018335329
4.87 34.532377387945
4.88 34.526757054484
4.89 34.521157202795
4.9 34.515577700734
4.91 34.510018416151
4.92 34.504479216898
4.93 34.498959970825
4.94 34.493460545784
4.95 34.48798080963
4.96 34.482520630212
4.97 34.47707987538
4.98 34.47165841299
4.99 34.466256110892
5 34.460872836935
5.01 34.455508469342
5.02 34.450162927805
5.03 34.444836142386
5.04 34.439528043146
5.05 34.434238560145
5.06 34.428967623447
5.07 34.423715163108
5.08 34.418481109194
5.09 34.413265391765
5.1 34.408067940882
5.11 34.402888686608
5.12 34.397727559
5.13 34.392584488124
5.14 34.387459404036
5.15 34.3823522368
5.16 34.377262916481
5.17 34.372191373133
5.18 34.367137536822
5.19 34.36210133761
5.2 34.357082705554
5.21 34.352081570716
5.22 34.347097863161
5.23 34.342131512949
5.24 34.337182450138
5.25 34.332250604793
5.26 34.327335906973
5.27 34.322438286739
5.28 34.317557674153
5.29 34.312693999278
5.3 34.307847192172
5.31 34.303017182899
5.32 34.298203901517
5.33 34.29340727809
5.34 34.288627242678
5.35 34.283863725344
5.36 34.279116656146
5.37 34.274385965149
5.38 34.269671582411
5.39 34.264973437994
5.4 34.260291461962
5.41 34.255625584373
5.42 34.25097573529
5.43 34.246341844771
5.44 34.241723842882
5.45 34.237121659681
5.46 34.232535225229
5.47 34.227964469592
5.48 34.223409322823
5.49 34.218869714991
5.5 34.214345576152
5.51 34.209836836371
5.52 34.205343425704
5.53 34.20086527422
5.54 34.196402311975
5.55 34.191954469029
5.56 34.187521675448
5.57 34.183103861288
5.58 34.178700956614
5.59 34.174312891486
5.6 34.169939595966
5.61 34.165581000112
5.62 34.161237033992
5.63 34.15690762766
5.64 34.152592711179
5.65 34.148292214615
5.66 34.144006068023
5.67 34.139734201469
5.68 34.13547654501
5.69 34.131233028708
5.7 34.127003582629
5.71 34.12278813683
5.72 34.118586621371
5.73 34.114398966317
5.74 34.110225101727
5.75 34.106064957661
5.76 34.101918464183
5.77 34.097785551353
5.78 34.093666149234
5.79 34.089560187884
5.8 34.085467597366
5.81 34.08138830774
5.82 34.077322249071
5.83 34.073269351416
5.84 34.069229544838
5.85 34.065202759397
5.86 34.061188925155
5.87 34.057187972173
5.88 34.053199830513
5.89 34.049224430238
5.9 34.045261701404
5.91 34.041311574076
5.92 34.037373978317
5.93 34.033448844184
5.94 34.029536101739
5.95 34.025635681045
5.96 34.02174751216
5.97 34.017871525152
5.98 34.014007650074
5.99 34.010155816993
6 34.006315955968
6.01 34.0024880018
6.02 33.998671908236
6.03 33.994867633771
6.04 33.991075136891
6.05 33.987294376086
6.06 33.983525309847
6.07 33.979767896664
6.08 33.976022095025
6.09 33.972287863421
6.1 33.968565160338
6.11 33.964853944268
6.12 33.961154173701
6.13 33.957465807127
6.14 33.953788803037
6.15 33.950123119914
6.16 33.946468716253
6.17 33.942825550543
6.18 33.939193581273
6.19 33.935572766932
6.2 33.931963066012
6.21 33.928364436999
6.22 33.924776838382
6.23 33.921200228656
6.24 33.917634566304
6.25 33.914079809821
6.26 33.910535917695
6.27 33.907002848414
6.28 33.903480560468
6.29 33.899969012347
6.3 33.89646816254
6.31 33.892977969536
6.32 33.889498391829
6.33 33.886029387904
6.34 33.882570916251
6.35 33.879122935359
6.36 33.875685403721
6.37 33.872258279823
6.38 33.868841522157
6.39 33.865435089211
6.4 33.862038939478
6.41 33.85865303144
6.42 33.855277323593
6.43 33.851911774425
6.44 33.848556342426
6.45 33.845210986084
6.46 33.841875663889
6.47 33.838550334329
6.48 33.835234955899
6.49 33.831929487083
6.5 33.828633886373
6.51 33.825348112259
6.52 33.822072123229
6.53 33.818805877772
6.54 33.815549334381
6.55 33.812302451541
6.56 33.809065187746
6.57 33.805837501482
6.58 33.802619351242
6.59 33.79941069551
6.6 33.796211492783
6.61 33.793021701543
6.62 33.789841280285
6.63 33.786670187498
6.64 33.783508381669
6.65 33.780355821288
6.66 33.777212464848
6.67 33.774078270832
6.68 33.770953197738
6.69 33.767837204047
6.7 33.764730248255
6.71 33.761632288849
6.72 33.758543284318
6.73 33.755463193154
6.74 33.752391973843
6.75 33.749329584876
6.76 33.746275984744
6.77 33.743231131937
6.78 33.740194984939
6.79 33.737167502247
6.8 33.734148642346
6.81 33.731138363726
6.82 33.72813662488
6.83 33.72514338429
6.84 33.722158600455
6.85 33.719182231858
6.86 33.716214236991
6.87 33.713254574342
6.88 33.710303202403
6.89 33.707360079661
6.9 33.704425164605
6.91 33.701498415729
6.92 33.698579791519
6.93 33.695669250465
6.94 33.692766751056
6.95 33.689872251783
6.96 33.686985711135
6.97 33.684107087604
6.98 33.681236339674
6.99 33.678373425839
7 33.675518304586
7.01 33.672670937195
7.02 33.669831296104
7.03 33.66699935654
7.04 33.664175093727
7.05 33.661358482891
7.06 33.658549499259
7.07 33.655748118061
7.08 33.652954314519
7.09 33.650168063861
7.1 33.647389341311
7.11 33.644618122099
7.12 33.64185438145
7.13 33.639098094592
7.14 33.636349236747
7.15 33.633607783145
7.16 33.630873709011
7.17 33.628146989573
7.18 33.625427600056
7.19 33.622715515687
7.2 33.62001071169
7.21 33.617313163295
7.22 33.614622845727
7.23 33.61193973421
7.24 33.609263803974
7.25 33.606595030245
7.26 33.603933388247
7.27 33.601278853207
7.28 33.598631400351
7.29 33.595991004908
7.3 33.593357642102
7.31 33.590731287161
7.32 33.58811191531
7.33 33.585499501777
7.34 33.582894021786
7.35 33.580295450565
7.36 33.57770376334
7.37 33.575118935338
7.38 33.572540941782
7.39 33.569969757906
7.4 33.567405358927
7.41 33.564847720078
7.42 33.562296816583
7.43 33.559752623669
7.44 33.557215116562
7.45 33.554684270489
7.46 33.552160060677
7.47 33.549642462347
7.48 33.547131450734
7.49 33.544627001057
7.5 33.542129088545
7.51 33.539637688428
7.52 33.537152775927
7.53 33.534674326271
7.54 33.532202314685
7.55 33.529736716397
7.56 33.527277506633
7.57 33.524824660618
7.58 33.52237815358
7.59 33.519937960745
7.6 33.517504057338
7.61 33.515076418587
7.62 33.51265501972
7.63 33.510239835957
7.64 33.507830842532
7.65 33.505428014667
7.66 33.503031327591
7.67 33.500640756526
7.68 33.498256276703
7.69 33.495877863345
7.7 33.493505491682
7.71 33.491139136938
7.72 33.488778774339
7.73 33.486424379113
7.74 33.484075926483
7.75 33.481733391682
7.76 33.479396749928
7.77 33.477065976453
7.78 33.474741046482
7.79 33.472421935244
7.8 33.47010861796
7.81 33.46780106986
7.82 33.46549926617
7.83 33.463203182115
7.84 33.460912792921
7.85 33.458628073817
7.86 33.456349000029
7.87 33.454075546782
7.88 33.4518076893
7.89 33.449545402816
7.9 33.447288662552
7.91 33.445037443733
7.92 33.442791721586
7.93 33.440551471342
7.94 33.438316668224
7.95 33.436087287456
7.96 33.43386330427
7.97 33.431644693885
7.98 33.429431431536
7.99 33.427223492441
8 33.425020851833
8.01 33.422823486631
8.02 33.420631380535
8.03 33.41844451895
8.04 33.416262887264
8.05 33.414086470883
8.06 33.411915255201
8.07 33.409749225618
8.08 33.407588367528
8.09 33.405432666334
8.1 33.403282107429
8.11 33.401136676214
8.12 33.398996358086
8.13 33.396861138444
8.14 33.394731002683
8.15 33.392605936202
8.16 33.390485924398
8.17 33.388370952674
8.18 33.386261006419
8.19 33.384156071038
8.2 33.382056131927
8.21 33.379961174482
8.22 33.377871184104
8.23 33.375786146188
8.24 33.373706046131
8.25 33.371630869335
8.26 33.369560601193
8.27 33.367495227108
8.28 33.365434732473
8.29 33.363379102687
8.3 33.361328323151
8.31 33.35928237926
8.32 33.357241256413
8.33 33.355204940006
8.34 33.353173415439
8.35 33.351146668108
8.36 33.349124683412
8.37 33.347107446749
8.38 33.345094943514
8.39 33.343087159109
8.4 33.341084078929
8.41 33.339085688376
8.42 33.337091972842
8.43 33.335102917726
8.44 33.333118508432
8.45 33.331138730349
8.46 33.329163568879
8.47 33.327193009423
8.48 33.325227037374
8.49 33.32326563813
8.5 33.321308797092
8.51 33.319356499654
8.52 33.317408731218
8.53 33.315465477179
8.54 33.313526722937
8.55 33.311592453887
8.56 33.309662655429
8.57 33.307737312957
8.58 33.305816411876
8.59 33.303899937578
8.6 33.301987875463
8.61 33.300080210927
8.62 33.29817692937
8.63 33.29627801619
8.64 33.294383456783
8.65 33.292493236547
8.66 33.29060734088
8.67 33.288725755183
8.68 33.28684846485
8.69 33.284975455279
8.7 33.28310671187
8.71 33.281242220018
8.72 33.279381965124
8.73 33.277525932584
8.74 33.275674107797
8.75 33.273826476157
8.76 33.271983023066
8.77 33.270143733922
8.78 33.268308594123
8.79 33.26647758906
8.8 33.264650704142
8.81 33.262827924757
8.82 33.261009236308
8.83 33.259194624189
8.84 33.257384073805
8.85 33.255577570546
8.86 33.253775099816
8.87 33.251976647007
8.88 33.25018219752
8.89 33.248391736752
8.9 33.246605250104
8.91 33.24482272297
8.92 33.243044140747
8.93 33.241269488839
8.94 33.239498752635
8.95 33.23773191754
8.96 33.235968968949
8.97 33.23420989226
8.98 33.232454672872
8.99 33.230703296181
9 33.228955747585
9.01 33.227212012858
9.02 33.225472079273
9.03 33.223735934478
9.04 33.22200356612
9.05 33.220274961848
9.06 33.218550109311
9.07 33.216828996156
9.08 33.215111610031
9.09 33.213397938586
9.1 33.211687969465
9.11 33.209981690322
9.12 33.2082790888
9.13 33.206580152552
9.14 33.204884869219
9.15 33.203193226457
9.16 33.201505211909
9.17 33.199820813226
9.18 33.198140018054
9.19 33.196462814042
9.2 33.194789188838
9.21 33.19311913009
9.22 33.191452625448
9.23 33.189789662558
9.24 33.188130229068
9.25 33.186474312626
9.26 33.184821900886
9.27 33.183172981487
9.28 33.181527542081
9.29 33.179885570317
9.3 33.178247053844
9.31 33.176611980308
9.32 33.17498033736
9.33 33.173352112644
9.34 33.171727293811
9.35 33.170105868507
9.36 33.168487824383
9.37 33.166873149084
9.38 33.165261830262
9.39 33.163653855562
9.4 33.162049212632
9.41 33.160447889121
9.42 33.158849872681
9.43 33.157255150954
9.44 33.155663711589
9.45 33.154075542239
9.46 33.152490630548
9.47 33.150908964163
9.48 33.149330530736
9.49 33.147755317915
9.5 33.146183313344
9.51 33.144614504676
9.52 33.143048879555
9.53 33.141486425633
9.54 33.139927130552
9.55 33.138370981968
9.56 33.136817967525
9.57 33.135268074871
9.58 33.133721291653
9.59 33.132177605524
9.6 33.130637004128
9.61 33.129099475114
9.62 33.127565006128
9.63 33.126033584823
9.64 33.124505198845
9.65 33.122979835839
9.66 33.121457483457
9.67 33.119938129348
9.68 33.118421761155
9.69 33.116908366533
9.7 33.115397933124
9.71 33.113890448578
9.72 33.112385900546
9.73 33.110884276673
9.74 33.109385564607
9.75 33.107889751998
9.76 33.106396826492
9.77 33.104906775742
9.78 33.103419587389
9.79 33.101935249087
9.8 33.10045374848
9.81 33.098975073217
9.82 33.097499210951
9.83 33.096026149324
9.84 33.094555875987
9.85 33.093088378588
9.86 33.091623644774
9.87 33.090161662194
9.88 33.088702418497
9.89 33.08724590133
9.9 33.08579209834
9.91 33.084340997177
9.92 33.082892585489
9.93 33.081446850922
9.94 33.080003781128
9.95 33.078563363754
9.96 33.077125586444
9.97 33.075690436853
9.98 33.074257902622
9.99 33.072827971405
10 33.071400630847
10.01 33.069975869976
10.02 33.068553683339
10.03 33.067134066861
10.04 33.065717016469
10.05 33.064302528083
10.06 33.062890597632
10.07 33.061481221043
10.08 33.060074394241
10.09 33.05867011315
10.1 33.057268373692
10.11 33.055869171799
10.12 33.054472503393
10.13 33.053078364402
10.14 33.051686750747
10.15 33.050297658354
10.16 33.048911083154
10.17 33.047527021066
10.18 33.046145468018
10.19 33.044766419936
10.2 33.043389872743
10.21 33.042015822369
10.22 33.040644264735
10.23 33.039275195767
10.24 33.037908611394
10.25 33.036544507538
10.26 33.035182880124
10.27 33.033823725077
10.28 33.032467038329
10.29 33.031112815797
10.3 33.029761053409
10.31 33.028411747093
10.32 33.027064892773
10.33 33.025720486373
10.34 33.024378523822
10.35 33.023039001041
10.36 33.021701913957
10.37 33.020367258496
10.38 33.019035030584
10.39 33.017705226145
10.4 33.016377841103
10.41 33.015052871387
10.42 33.013730312921
10.43 33.012410161631
10.44 33.011092413441
10.45 33.009777064275
10.46 33.008464110065
10.47 33.007153546729
10.48 33.005845370195
10.49 33.004539576389
10.5 33.003236161236
10.51 33.001935120662
10.52 33.000636450592
10.53 32.999340146949
10.54 32.998046205663
10.55 32.996754622657
10.56 32.995465393857
10.57 32.994178515188
10.58 32.992893982572
10.59 32.991611791943
10.6 32.990331939218
10.61 32.989054420326
10.62 32.987779231192
10.63 32.986506367741
10.64 32.9852358259
10.65 32.983967601593
10.66 32.982701690746
10.67 32.981438089283
10.68 32.980176793131
10.69 32.978917798215
10.7 32.97766110046
10.71 32.976406695793
10.72 32.975154580136
10.73 32.973904749419
10.74 32.972657199563
10.75 32.971411926497
10.76 32.970168926143
10.77 32.968928194428
10.78 32.967689727278
10.79 32.966453520619
10.8 32.965219570377
10.81 32.963987872472
10.82 32.962758422835
10.83 32.961531217392
10.84 32.960306252063
10.85 32.959083522775
10.86 32.957863025458
10.87 32.956644756035
10.88 32.955428710429
10.89 32.954214884568
10.9 32.953003274375
10.91 32.951793875779
10.92 32.950586684701
10.93 32.94938169707
10.94 32.948178908811
10.95 32.946978315846
10.96 32.945779914105
10.97 32.944583699512
10.98 32.943389667991
10.99 32.942197815467
11 32.941008137868
11.01 32.93982063112
11.02 32.938635291143
11.03 32.937452113868
11.04 32.936271095217
11.05 32.935092231117
11.06 32.933915517495
11.07 32.932740950272
11.08 32.931568525377
11.09 32.930398238733
11.1 32.92923008627
11.11 32.928064063909
11.12 32.926900167573
11.13 32.925738393195
11.14 32.924578736695
11.15 32.923421194
11.16 32.922265761036
11.17 32.921112433728
11.18 32.919961207998
11.19 32.918812079776
11.2 32.917665044986
11.21 32.916520099554
11.22 32.915377239404
11.23 32.914236460462
11.24 32.913097758656
11.25 32.911961129907
11.26 32.910826570141
11.27 32.909694075287
11.28 32.908563641268
11.29 32.907435264007
11.3 32.906308939435
11.31 32.905184663472
11.32 32.904062432047
11.33 32.902942241084
11.34 32.90182408651
11.35 32.900707964248
11.36 32.899593870224
11.37 32.898481800363
11.38 32.897371750594
11.39 32.896263716837
11.4 32.895157695022
11.41 32.894053681072
11.42 32.892951670912
11.43 32.89185166047
11.44 32.890753645668
11.45 32.889657622434
11.46 32.888563586693
11.47 32.88747153437
11.48 32.88638146139
11.49 32.885293363676
11.5 32.884207237161
11.51 32.883123077764
11.52 32.882040881411
11.53 32.880960644029
11.54 32.879882361544
11.55 32.878806029878
11.56 32.877731644961
11.57 32.876659202713
11.58 32.875588699065
11.59 32.874520129939
11.6 32.873453491262
11.61 32.872388778958
11.62 32.871325988953
11.63 32.870265117175
11.64 32.869206159545
11.65 32.868149111989
11.66 32.867093970436
11.67 32.866040730808
11.68 32.864989389033
11.69 32.863939941035
11.7 32.862892382739
11.71 32.86184671007
11.72 32.860802918954
11.73 32.859761005317

