2.5 31.060413
2.505 31.041610999791
2.51 31.022961064682
2.515 31.004462922425
2.52 30.986116300769
2.525 30.967920927463
2.53 30.949876530259
2.535 30.931982836906
2.54 30.914239575153
2.545 30.896646472752
2.55 30.879203257451
2.555 30.861909657002
2.56 30.844765399153
2.565 30.827770211656
2.57 30.810923822259
2.575 30.794225958713
2.58 30.777676348769
2.585 30.761274720175
2.59 30.745020800682
2.595 30.728914318041
2.6 30.712955
2.605 30.697142613443
2.61 30.681477081781
2.615 30.66595836756
2.62 30.650586433324
2.625 30.635361241617
2.63 30.620282754986
2.635 30.605350935973
2.64 30.590565747124
2.645 30.575927150984
2.65 30.561435110097
2.655 30.547089587009
2.66 30.532890544263
2.665 30.518837944405
2.67 30.504931749978
2.675 30.491171923529
2.68 30.477558427601
2.685 30.46409122474
2.69 30.450770277489
2.695 30.437595548394
2.7 30.424567
2.705 30.411684399189
2.71 30.398946730193
2.715 30.386352781586
2.72 30.373901341936
2.725 30.361591199817
2.73 30.349421143799
2.735 30.337389962453
2.74 30.32549644435
2.745 30.313739378062
2.75 30.302117552159
2.755 30.290629755213
2.76 30.279274775795
2.765 30.268051402476
2.77 30.256958423828
2.775 30.245994628421
2.78 30.235158804827
2.785 30.224449741616
2.79 30.213866227361
2.795 30.203407050632
2.8 30.193071
2.805 30.182856780928
2.81 30.172762766446
2.815 30.162787246473
2.82 30.15292851093
2.825 30.143184849739
2.83 30.133554552819
2.835 30.124035910091
2.84 30.114627211476
2.845 30.105326746895
2.85 30.096132806267
2.855 30.087043679515
2.86 30.078057656557
2.865 30.069173027315
2.87 30.06038808171
2.875 30.051701109662
2.88 30.043110401092
2.885 30.03461424592
2.89 30.026210934067
2.895 30.017898755453
2.9 30.009676
2.905 30.001540876098
2.91 29.993491266024
2.915 29.985524970523
2.92 29.977639790342
2.925 29.969833526227
2.93 29.962103978925
2.935 29.954448949182
2.94 29.946866237745
2.945 29.939353645359
2.95 29.931908972772
2.955 29.924530020729
2.96 29.917214589977
2.965 29.909960481262
2.97 29.902765495331
2.975 29.89562743293
2.98 29.888544094806
2.985 29.881513281704
2.99 29.874532794372
2.995 29.867600433555
3 29.860714
3.005 29.853871461928
3.01 29.847071457458
3.015 29.840312792185
3.02 29.833594271701
3.025 29.826914701601
3.03 29.820272887479
3.035 29.813667634929
3.04 29.807097749544
3.045 29.800562036918
3.05 29.794059302646
3.055 29.78758835232
3.06 29.781147991536
3.065 29.774737025886
3.07 29.768354260965
3.075 29.761998502367
3.08 29.755668555685
3.085 29.749363226514
3.09 29.743081320446
3.095 29.736821643077
3.1 29.730583
3.105 29.724364399189
3.11 29.718165658142
3.115 29.711986796738
3.12 29.705827834853
3.125 29.699688792367
3.13 29.693569689157
3.135 29.687470545102
3.14 29.68139138008
3.145 29.675332213968
3.15 29.669293066646
3.155 29.66327395799
3.16 29.65727490788
3.165 29.651295936193
3.17 29.645337062807
3.175 29.639398307601
3.18 29.633479690453
3.185 29.627581231241
3.19 29.621702949842
3.195 29.615844866136
3.2 29.610007
3.205 29.604189146065
3.21 29.598390197972
3.215 29.592608824114
3.22 29.586843692886
3.225 29.58109347268
3.23 29.575356831891
3.235 29.569632438912
3.24 29.563918962137
3.245 29.558215069959
3.25 29.552519430772
3.255 29.546830712969
3.26 29.541147584945
3.265 29.535468715093
3.27 29.529792771806
3.275 29.524118423478
3.28 29.518444338502
3.285 29.512769185273
3.29 29.507091632184
3.295 29.501410347628
3.3 29.495724
3.305 29.490031555303
3.31 29.484333169988
3.315 29.478629298113
3.32 29.47292039374
3.325 29.467206910929
3.33 29.461489303739
3.335 29.455768026231
3.34 29.450043532466
3.345 29.444316276502
3.35 29.438586712402
3.355 29.432855294224
3.36 29.427122476029
3.365 29.421388711877
3.37 29.415654455828
3.375 29.409920161943
3.38 29.404186284282
3.385 29.398453276904
3.39 29.392721593871
3.395 29.386991689242
3.4 29.381264017078
3.405 29.375539031438
3.41 29.369817186383
3.415 29.364098935974
3.42 29.358384734269
3.425 29.35267503533
3.43 29.346970293217
3.435 29.34127096199
3.44 29.335577495709
3.445 29.329890348434
3.45 29.324209974225
3.455 29.318536827144
3.46 29.312871361249
3.465 29.307214030601
3.47 29.301565289261
3.475 29.295925591287
3.48 29.290295390742
3.485 29.284675141685
3.49 29.279065298175
3.495 29.273466314274
3.5 29.267878644041
3.505 29.262302741537
3.51 29.256739060822
3.515 29.251188055956
3.52 29.245650180999
3.525 29.240125890011
3.53 29.234615637054
3.535 29.229119876186
3.54 29.223639061468
3.545 29.21817364696
3.55 29.212724086723
3.555 29.207290834816
3.56 29.2018743453
3.565 29.196475072235
3.57 29.191093469681
3.575 29.185729991699
3.58 29.180385092348
3.585 29.17505922569
3.59 29.169752845783
3.595 29.164466406688
3.6 29.159200362466
3.605 29.153955167176
3.61 29.148731274879
3.615 29.143529139636
3.62 29.138349215505
3.625 29.133191956547
3.63 29.128057816824
3.635 29.122947250394
3.64 29.117860711318
3.645 29.112798653656
3.65 29.107761531468
3.655 29.102749798816
3.66 29.097763909757
3.665 29.092804318354
3.67 29.087871478666
3.675 29.082965844753
3.68 29.078087870676
3.685 29.073238010495
3.69 29.068416718269
3.695 29.06362444806
3.7 29.058861653927
3.705 29.054128789931
3.71 29.049426310131
3.715 29.044754668588
3.72 29.040114319362
3.725 29.035505716514
3.73 29.030929314103
3.735 29.02638556619
3.74 29.021874926835
3.745 29.017397850097
3.75 29.012954790039
3.755 29.008546200718
3.76 29.004172536197
3.765 28.999834250534
3.77 28.99553179779
3.775 28.991265632026
3.78 28.987036207301
3.785 28.982843977676
3.79 28.97868939721
3.795 28.974572919965
3.8 28.970495
3.805 28.96645564664
3.81 28.962453090269
3.815 28.958485116536
3.82 28.954549511089
3.825 28.950644059576
3.83 28.946766547646
3.835 28.942914760947
3.84 28.939086485129
3.845 28.935279505839
3.85 28.931491608726
3.855 28.927720579438
3.86 28.923964203625
3.865 28.920220266934
3.87 28.916486555014
3.875 28.912760853513
3.88 28.90904094808
3.885 28.905324624364
3.89 28.901609668013
3.895 28.897893864676
3.9 28.894175
3.905 28.890451319044
3.91 28.886722904505
3.915 28.882990298486
3.92 28.879254043094
3.925 28.875514680434
3.93 28.871772752611
3.935 28.868028801731
3.94 28.864283369899
3.945 28.86053699922
3.95 28.856790231799
3.955 28.853043609743
3.96 28.849297675156
3.965 28.845552970144
3.97 28.841810036812
3.975 28.838069417265
3.98 28.834331653609
3.985 28.830597287949
3.99 28.826866862391
3.995 28.823140919039
4 28.81942
4.005 28.815704566686
4.01 28.811994757738
4.015 28.808290631108
4.02 28.804592244745
4.025 28.800899656599
4.03 28.797212924618
4.035 28.793532106755
4.04 28.789857260957
4.045 28.786188445175
4.05 28.782525717358
4.055 28.778869135457
4.06 28.775218757421
4.065 28.7715746412
4.07 28.767936844744
4.075 28.764305426002
4.08 28.760680442924
4.085 28.757061953461
4.09 28.753450015561
4.095 28.749844687175
4.1 28.746246026253
4.105 28.742654090744
4.11 28.739068938597
4.115 28.735490627764
4.12 28.731919216193
4.125 28.728354761834
4.13 28.724797322637
4.135 28.721246956553
4.14 28.71770372153
4.145 28.714167675519
4.15 28.710638876468
4.155 28.707117382329
4.16 28.703603251051
4.165 28.700096540583
4.17 28.696597308876
4.175 28.693105613879
4.18 28.689621513542
4.185 28.686145065815
4.19 28.682676328647
4.195 28.679215359989
4.2 28.675762217789
4.205 28.672316959999
4.21 28.668879644567
4.215 28.665450329444
4.22 28.662029072579
4.225 28.658615931922
4.23 28.655210965423
4.235 28.651814231031
4.24 28.648425786697
4.245 28.64504569037
4.25 28.641674
4.255 28.638310758731
4.26 28.634955950481
4.265 28.631609544364
4.27 28.628271509493
4.275 28.62494181498
4.28 28.621620429939
4.285 28.618307323482
4.29 28.615002464723
4.295 28.611705822775
4.3 28.60841736675
4.305 28.605137065762
4.31 28.601864888923
4.315 28.598600805346
4.32 28.595344784145
4.325 28.592096794433
4.33 28.588856805322
4.335 28.585624785925
4.34 28.582400705355
4.345 28.579184532726
4.35 28.57597623715
4.355 28.57277578774
4.36 28.56958315361
4.365 28.566398303871
4.37 28.563221207638
4.375 28.560051834023
4.38 28.556890152139
4.385 28.553736131099
4.39 28.550589740017
4.395 28.547450948004
4.4 28.544319724174
4.405 28.541196037641
4.41 28.538079857516
4.415 28.534971152914
4.42 28.531869892946
4.425 28.528776046726
4.43 28.525689583367
4.435 28.522610471982
4.44 28.519538681684
4.445 28.516474181585
4.45 28.513416940799
4.455 28.510366928439
4.46 28.507324113618
4.465 28.504288465449
4.47 28.501259953044
4.475 28.498238545517
4.48 28.49522421198
4.485 28.492216921547
4.49 28.489216643331
4.495 28.486223346444
4.5 28.483237
4.505 28.480257575716
4.51 28.477285055733
4.515 28.474319424793
4.52 28.471360667641
4.525 28.468408769022
4.53 28.46546371368
4.535 28.462525486359
4.54 28.459594071803
4.545 28.456669454756
4.55 28.453751619963
4.555 28.450840552168
4.56 28.447936236116
4.565 28.44503865655
4.57 28.442147798214
4.575 28.439263645854
4.58 28.436386184212
4.585 28.433515398034
4.59 28.430651272064
4.595 28.427793791046
4.6 28.424942939724
4.605 28.422098702842
4.61 28.419261065145
4.615 28.416430011377
4.62 28.413605526282
4.625 28.410787594604
4.63 28.407976201089
4.635 28.405171330479
4.64 28.402372967519
4.645 28.399581096953
4.65 28.396795703527
4.655 28.394016771983
4.66 28.391244287066
4.665 28.388478233521
4.67 28.385718596091
4.675 28.382965359521
4.68 28.380218508555
4.685 28.377478027938
4.69 28.374743902413
4.695 28.372016116725
4.7 28.369294655618
4.705 28.366579503837
4.71 28.363870646125
4.715 28.361168067227
4.72 28.358471751887
4.725 28.355781684849
4.73 28.353097850858
4.735 28.350420234658
4.74 28.347748820993
4.745 28.345083594607
4.75 28.342424540245
4.755 28.33977164265
4.76 28.337124886568
4.765 28.334484256742
4.77 28.331849737916
4.775 28.329221314835
4.78 28.326598972243
4.785 28.323982694885
4.79 28.321372467504
4.795 28.318768274845
4.8 28.316170101651
4.805 28.313577932668
4.81 28.31099175264
4.815 28.30841154631
4.82 28.305837298424
4.825 28.303268993724
4.83 28.300706616956
4.835 28.298150152864
4.84 28.295599586192
4.845 28.293054901684
4.85 28.290516084084
4.855 28.287983118138
4.86 28.285455988588
4.865 28.282934680179
4.87 28.280419177656
4.875 28.277909465763
4.88 28.275405529243
4.885 28.272907352842
4.89 28.270414921303
4.895 28.267928219371
4.9 28.265447231789
4.905 28.262971943303
4.91 28.260502338657
4.915 28.258038402594
4.92 28.255580119859
4.925 28.253127475196
4.93 28.25068045335
4.935 28.248239039064
4.94 28.245803217083
4.945 28.243372972151
4.95 28.240948289013
4.955 28.238529152412
4.96 28.236115547093
4.965 28.233707457801
4.97 28.231304869278
4.975 28.228907766271
4.98 28.226516133522
4.985 28.224129955776
4.99 28.221749217778
4.995 28.219373904271
5 28.217004
5.005 28.214639490696
5.01 28.21228036604
5.015 28.209926616699
5.02 28.207578233341
5.025 28.205235206632
5.03 28.20289752724
5.035 28.200565185834
5.04 28.198238173079
5.045 28.195916479644
5.05 28.193600096196
5.055 28.191289013403
5.06 28.188983221931
5.065 28.186682712449
5.07 28.184387475624
5.075 28.182097502123
5.08 28.179812782614
5.085 28.177533307763
5.09 28.17525906824
5.095 28.17299005471
5.1 28.170726257842
5.105 28.168467668303
5.11 28.16621427676
5.115 28.163966073881
5.12 28.161723050333
5.125 28.159485196784
5.13 28.157252503901
5.135 28.155024962351
5.14 28.152802562802
5.145 28.150585295922
5.15 28.148373152378
5.155 28.146166122837
5.16 28.143964197966
5.165 28.141767368434
5.17 28.139575624908
5.175 28.137388958054
5.18 28.135207358541
5.185 28.133030817036
5.19 28.130859324207
5.195 28.12869287072
5.2 28.126531447243
5.205 28.124375044444
5.21 28.122223652991
5.215 28.120077263549
5.22 28.117935866788
5.225 28.115799453375
5.23 28.113668013976
5.235 28.111541539259
5.24 28.109420019893
5.245 28.107303446543
5.25 28.105191809878
5.255 28.103085100566
5.26 28.100983309273
5.265 28.098886426666
5.27 28.096794443415
5.275 28.094707350185
5.28 28.092625137644
5.285 28.09054779646
5.29 28.088475317301
5.295 28.086407690832
5.3 28.084344907723
5.305 28.082286958641
5.31 28.080233834252
5.315 28.078185525225
5.32 28.076142022227
5.325 28.074103315925
5.33 28.072069396986
5.335 28.070040256079
5.34 28.06801588387
5.345 28.065996271027
5.35 28.063981408218
5.355 28.06197128611
5.36 28.05996589537
5.365 28.057965226665
5.37 28.055969270664
5.375 28.053978018034
5.38 28.051991459442
5.385 28.050009585555
5.39 28.048032387041
5.395 28.046059854568
5.4 28.044091978802
5.405 28.042128750412
5.41 28.040170160065
5.415 28.038216198427
5.42 28.036266856168
5.425 28.034322123953
5.43 28.032381992451
5.435 28.030446452329
5.44 28.028515494254
5.445 28.026589108894
5.45 28.024667286916
5.455 28.022750018988
5.46 28.020837295777
5.465 28.018929107951
5.47 28.017025446177
5.475 28.015126301122
5.48 28.013231663454
5.485 28.01134152384
5.49 28.009455872949
5.495 28.007574701446
5.5 28.005698
5.505 28.003825759933
5.51 28.001957975186
5.515 28.000094640355
5.52 27.998235750036
5.525 27.996381298825
5.53 27.994531281319
5.535 27.992685692112
5.54 27.990844525801
5.545 27.989007776983
5.55 27.987175440252
5.555 27.985347510206
5.56 27.983523981439
5.565 27.981704848549
5.57 27.979890106131
5.575 27.97807974878
5.58 27.976273771094
5.585 27.974472167667
5.59 27.972674933097
5.595 27.970882061979
5.6 27.969093548908
5.605 27.967309388482
5.61 27.965529575295
5.615 27.963754103945
5.62 27.961982969026
5.625 27.960216165136
5.63 27.958453686869
5.635 27.956695528823
5.64 27.954941685592
5.645 27.953192151773
5.65 27.951446921962
5.655 27.949705990755
5.66 27.947969352748
5.665 27.946237002537
5.67 27.944508934718
5.675 27.942785143887
5.68 27.941065624639
5.685 27.939350371572
5.69 27.93763937928
5.695 27.935932642361
5.7 27.934230155409
5.705 27.932531913021
5.71 27.930837909793
5.715 27.92914814032
5.72 27.9274625992
5.725 27.925781281027
5.73 27.924104180398
5.735 27.922431291909
5.74 27.920762610156
5.745 27.919098129735
5.75 27.917437845241
5.755 27.915781751272
5.76 27.914129842422
5.765 27.912482113288
5.77 27.910838558466
5.775 27.909199172551
5.78 27.90756395014
5.785 27.905932885829
5.79 27.904305974214
5.795 27.902683209891
5.8 27.901064587455
5.805 27.899450101503
5.81 27.897839746631
5.815 27.896233517434
5.82 27.89463140851
5.825 27.893033414453
5.83 27.891439529859
5.835 27.889849749326
5.84 27.888264067448
5.845 27.886682478822
5.85 27.885104978043
5.855 27.883531559709
5.86 27.881962218413
5.865 27.880396948754
5.87 27.878835745326
5.875 27.877278602726
5.88 27.87572551555
5.885 27.874176478393
5.89 27.872631485852
5.895 27.871090532523
5.9 27.869553613001
5.905 27.868020721883
5.91 27.866491853764
5.915 27.864967003241
5.92 27.86344616491
5.925 27.861929333366
5.93 27.860416503206
5.935 27.858907669026
5.94 27.857402825421
5.945 27.855901966987
5.95 27.854405088322
5.955 27.852912184019
5.96 27.851423248677
5.965 27.84993827689
5.97 27.848457263254
5.975 27.846980202366
5.98 27.845507088822
5.985 27.844037917217
5.99 27.842572682148
5.995 27.84111137821
6 27.839654
6.005 27.838200542196
6.01 27.836750999808
6.015 27.835305367929
6.02 27.833863641651
6.025 27.832425816067
6.03 27.830991886269
6.035 27.829561847351
6.04 27.828135694404
6.045 27.826713422521
6.05 27.825295026795
6.055 27.823880502318
6.06 27.822469844183
6.065 27.821063047483
6.07 27.81966010731
6.075 27.818261018757
6.08 27.816865776915
6.085 27.815474376879
6.09 27.81408681374
6.095 27.812703082591
6.1 27.811323178525
6.105 27.809947096634
6.11 27.80857483201
6.115 27.807206379747
6.12 27.805841734937
6.125 27.804480892673
6.13 27.803123848046
6.135 27.80177059615
6.14 27.800421132078
6.145 27.799075450921
6.15 27.797733547773
6.155 27.796395417726
6.16 27.795061055872
6.165 27.793730457304
6.17 27.792403617116
6.175 27.791080530398
6.18 27.789761192245
6.185 27.788445597748
6.19 27.787133742
6.195 27.785825620094
6.2 27.784521227122
6.205 27.783220558177
6.21 27.781923608351
6.215 27.780630372738
6.22 27.779340846429
6.225 27.778055024517
6.23 27.776772902095
6.235 27.775494474255
6.24 27.77421973609
6.245 27.772948682693
6.25 27.771681309156
6.255 27.770417610571
6.26 27.769157582032
6.265 27.76790121863
6.27 27.766648515459
6.275 27.765399467611
6.28 27.764154070179
6.285 27.762912318255
6.29 27.761674206931
6.295 27.760439731301
6.3 27.759208886457
6.305 27.757981667491
6.31 27.756758069496
6.315 27.755538087565
6.32 27.754321716791
6.325 27.753108952265
6.33 27.75189978908
6.335 27.75069422233
6.34 27.749492247106
6.345 27.748293858501
6.35 27.747099051609
6.355 27.74590782152
6.36 27.744720163328
6.365 27.743536072126
6.37 27.742355543006
6.375 27.741178571061
6.38 27.740005151383
6.385 27.738835279064
6.39 27.737668949198
6.395 27.736506156878
6.4 27.735346897194
6.405 27.734191165241
6.41 27.733038956111
6.415 27.731890264896
6.42 27.730745086689
6.425 27.729603416582
6.43 27.728465249669
6.435 27.727330581041
6.44 27.726199405791
6.445 27.725071719012
6.45 27.723947515797
6.455 27.722826791238
6.46 27.721709540427
6.465 27.720595758457
6.47 27.719485440422
6.475 27.718378581412
6.48 27.717275176521
6.485 27.716175220842
6.49 27.715078709467
6.495 27.713985637489
6.5 27.712896
6.505 27.7118097921
6.51 27.710727008917
6.515 27.709647645588
6.52 27.708571697247
6.525 27.707499159031
6.53 27.706430026076
6.535 27.705364293516
6.54 27.704301956487
6.545 27.703243010126
6.55 27.702187449568
6.555 27.701135269948
6.56 27.700086466403
6.565 27.699041034067
6.57 27.697998968077
6.575 27.696960263569
6.58 27.695924915677
6.585 27.694892919538
6.59 27.693864270287
6.595 27.69283896306
6.6 27.691816992992
6.605 27.69079835522
6.61 27.689783044879
6.615 27.688771057105
6.62 27.687762387033
6.625 27.686757029799
6.63 27.685754980538
6.635 27.684756234387
6.64 27.683760786481
6.645 27.682768631956
6.65 27.681779765946
6.655 27.680794183589
6.66 27.67981188002
6.665 27.678832850374
6.67 27.677857089787
6.675 27.676884593395
6.68 27.675915356333
6.685 27.674949373737
6.69 27.673986640743
6.695 27.673027152487
6.7 27.672070904103
6.705 27.671117890729
6.71 27.670168107498
6.715 27.669221549548
6.72 27.668278212014
6.725 27.667338090031
6.73 27.666401178735
6.735 27.665467473262
6.74 27.664536968747
6.745 27.663609660327
6.75 27.662685543136
6.755 27.661764612311
6.76 27.660846862987
6.765 27.6599322903
6.77 27.659020889385
6.775 27.658112655379
6.78 27.657207583416
6.785 27.656305668633
6.79 27.655406906166
6.795 27.654511291149
6.8 27.653618818718
6.805 27.65272948401
6.81 27.65184328216
6.815 27.650960208303
6.82 27.650080257575
6.825 27.649203425113
6.83 27.648329706051
6.835 27.647459095525
6.84 27.646591588671
6.845 27.645727180625
6.85 27.644865866522
6.855 27.644007641498
6.86 27.643152500689
6.865 27.64230043923
6.87 27.641451452257
6.875 27.640605534906
6.88 27.639762682312
6.885 27.638922889611
6.89 27.638086151938
6.895 27.63725246443
6.9 27.636421822222
6.905 27.63559422045
6.91 27.634769654249
6.915 27.633948118755
6.92 27.633129609103
6.925 27.63231412043
6.93 27.631501647872
6.935 27.630692186562
6.94 27.629885731639
6.945 27.629082278236
6.95 27.62828182149
6.955 27.627484356537
6.96 27.626689878511
6.965 27.62589838255
6.97 27.625109863787
6.975 27.62432431736
6.98 27.623541738404
6.985 27.622762122054
6.99 27.621985463446
6.995 27.621211757716
7 27.620441
7.005 27.619673185715
7.01 27.618908311405
7.015 27.618146373898
7.02 27.617387370021
7.025 27.6166312966
7.03 27.615878150463
7.035 27.615127928435
7.04 27.614380627345
7.045 27.613636244018
7.05 27.612894775281
7.055 27.612156217962
7.06 27.611420568887
7.065 27.610687824883
7.07 27.609957982776
7.075 27.609231039394
7.08 27.608506991563
7.085 27.607785836111
7.09 27.607067569863
7.095 27.606352189647
7.1 27.60563969229
7.105 27.604930074618
7.11 27.604223333458
7.115 27.603519465638
7.12 27.602818467983
7.125 27.602120337321
7.13 27.601425070478
7.135 27.600732664282
7.14 27.600043115558
7.145 27.599356421135
7.15 27.598672577838
7.155 27.597991582495
7.16 27.597313431932
7.165 27.596638122976
7.17 27.595965652455
7.175 27.595296017194
7.18 27.59462921402
7.185 27.593965239761
7.19 27.593304091243
7.195 27.592645765294
7.2 27.591990258739
7.205 27.591337568405
7.21 27.590687691121
7.215 27.590040623711
7.22 27.589396363003
7.225 27.588754905825
7.23 27.588116249002
7.235 27.587480389362
7.24 27.586847323731
7.245 27.586217048936
7.25 27.585589561804
7.255 27.584964859162
7.26 27.584342937836
7.265 27.583723794654
7.27 27.583107426442
7.275 27.582493830027
7.28 27.581883002236
7.285 27.581274939895
7.29 27.580669639832
7.295 27.580067098874
7.3 27.579467313846
7.305 27.578870281576
7.31 27.578275998891
7.315 27.577684462618
7.32 27.577095669582
7.325 27.576509616612
7.33 27.575926300534
7.335 27.575345718175
7.34 27.574767866361
7.345 27.57419274192
7.35 27.573620341678
7.355 27.573050662462
7.36 27.572483701098
7.365 27.571919454415
7.37 27.571357919238
7.375 27.570799092394
7.38 27.57024297071
7.385 27.569689551013
7.39 27.56913883013
7.395 27.568590804887
7.4 27.568045472112
7.405 27.56750282863
7.41 27.56696287127
7.415 27.566425596857
7.42 27.56589100222
7.425 27.565359084183
7.43 27.564829839575
7.435 27.564303265221
7.44 27.56377935795
7.445 27.563258114587
7.45 27.56273953196
7.455 27.562223606895
7.46 27.561710336218
7.465 27.561199716758
7.47 27.560691745341
7.475 27.560186418793
7.48 27.559683733941
7.485 27.559183687613
7.49 27.558686276634
7.495 27.558191497833
7.5 27.557699348035
7.505 27.557209824067
7.51 27.556722922756
7.515 27.55623864093
7.52 27.555756975414
7.525 27.555277923036
7.53 27.554801480623
7.535 27.554327645
7.54 27.553856412996
7.545 27.553387781437
7.55 27.552921747149
7.555 27.55245830696
7.56 27.551997457696
7.565 27.551539196184
7.57 27.551083519252
7.575 27.550630423725
7.58 27.55017990643
7.585 27.549731964195
7.59 27.549286593847
7.595 27.548843792211
7.6 27.548403556115
7.605 27.547965882386
7.61 27.54753076785
7.615 27.547098209334
7.62 27.546668203666
7.625 27.546240747671
7.63 27.545815838177
7.635 27.545393472011
7.64 27.544973645999
7.645 27.544556356968
7.65 27.544141601745
7.655 27.543729377157
7.66 27.543319680031
7.665 27.542912507192
7.67 27.542507855469
7.675 27.542105721688
7.68 27.541706102676
7.685 27.54130899526
7.69 27.540914396266
7.695 27.540522302521
7.7 27.540132710852
7.705 27.539745618086
7.71 27.53936102105
7.715 27.538978916571
7.72 27.538599301474
7.725 27.538222172588
7.73 27.537847526739
7.735 27.537475360754
7.74 27.537105671459
7.745 27.536738455681
7.75 27.536373710248
7.755 27.536011431986
7.76 27.535651617722
7.765 27.535294264282
7.77 27.534939368494
7.775 27.534586927183
7.78 27.534236937179
7.785 27.533889395305
7.79 27.533544298391
7.795 27.533201643262
7.8 27.532861426746
7.805 27.532523645668
7.81 27.532188296857
7.815 27.531855377138
7.82 27.531524883339
7.825 27.531196812286
7.83 27.530871160807
7.835 27.530547925727
7.84 27.530227103875
7.845 27.529908692076
7.85 27.529592687157
7.855 27.529279085946
7.86 27.528967885269
7.865 27.528659081952
7.87 27.528352672824
7.875 27.52804865471
7.88 27.527747024437
7.885 27.527447778832
7.89 27.527150914722
7.895 27.526856428934
7.9 27.526564318295
7.905 27.526274579631
7.91 27.525987209769
7.915 27.525702205537
7.92 27.52541956376
7.925 27.525139281265
7.93 27.524861354881
7.935 27.524585781432
7.94 27.524312557746
7.945 27.524041680651
7.95 27.523773146972
7.955 27.523506953536
7.96 27.523243097171
7.965 27.522981574703
7.97 27.522722382959
7.975 27.522465518766
7.98 27.522210978951
7.985 27.521958760339
7.99 27.521708859759
7.995 27.521461274037
8 27.521216
8.005 27.520973033924
8.01 27.520732369886
8.015 27.52049400141
8.02 27.520257922024
8.025 27.520024125252
8.03 27.51979260462
8.035 27.519563353654
8.04 27.51933636588
8.045 27.519111634823
8.05 27.518889154009
8.055 27.518668916964
8.06 27.518450917213
8.065 27.518235148282
8.07 27.518021603698
8.075 27.517810276985
8.08 27.517601161669
8.085 27.517394251277
8.09 27.517189539333
8.095 27.516987019364
8.1 27.516786684894
8.105 27.516588529451
8.11 27.51639254656
8.115 27.516198729745
8.12 27.516007072534
8.125 27.515817568452
8.13 27.515630211024
8.135 27.515444993776
8.14 27.515261910234
8.145 27.515080953924
8.15 27.514902118371
8.155 27.514725397101
8.16 27.514550783639
8.165 27.514378271513
8.17 27.514207854246
8.175 27.514039525365
8.18 27.513873278396
8.185 27.513709106865
8.19 27.513547004296
8.195 27.513386964216
8.2 27.51322898015
8.205 27.513073045625
8.21 27.512919154166
8.215 27.512767299298
8.22 27.512617474547
8.225 27.51246967344
8.23 27.512323889501
8.235 27.512180116256
8.24 27.512038347232
8.245 27.511898575954
8.25 27.511760795947
8.255 27.511625000738
8.26 27.511491183851
8.265 27.511359338814
8.27 27.511229459151
8.275 27.511101538388
8.28 27.51097557005
8.285 27.510851547665
8.29 27.510729464756
8.295 27.510609314851
8.3 27.510491091474
8.305 27.510374788152
8.31 27.51026039841
8.315 27.510147915774
8.32 27.51003733377
8.325 27.509928645922
8.33 27.509821845758
8.335 27.509716926803
8.34 27.509613882581
8.345 27.509512706621
8.35 27.509413392445
8.355 27.509315933582
8.36 27.509220323556
8.365 27.509126555892
8.37 27.509034624118
8.375 27.508944521758
8.38 27.508856242338
8.385 27.508769779383
8.39 27.508685126421
8.395 27.508602276976
8.4 27.508521224573
8.405 27.50844196274
8.41 27.508364485
8.415 27.508288784881
8.42 27.508214855908
8.425 27.508142691606
8.43 27.508072285502
8.435 27.508003631121
8.44 27.507936721988
8.445 27.50787155163
8.45 27.507808113571
8.455 27.507746401339
8.46 27.507686408458
8.465 27.507628128455
8.47 27.507571554854
8.475 27.507516681182
8.48 27.507463500965
8.485 27.507412007727
8.49 27.507362194996
8.495 27.507314056296
8.5 27.507267585153
8.505 27.507222775093
8.51 27.507179619642
8.515 27.507138112326
8.52 27.507098246669
8.525 27.507060016198
8.53 27.507023414439
8.535 27.506988434917
8.54 27.506955071158
8.545 27.506923316688
8.55 27.506893165032
8.555 27.506864609716
8.56 27.506837644266
8.565 27.506812262208
8.57 27.506788457066
8.575 27.506766222368
8.58 27.506745551638
8.585 27.506726438403
8.59 27.506708876188
8.595 27.506692858519
8.6 27.506678378921
8.605 27.50666543092
8.61 27.506654008043
8.615 27.506644103814
8.62 27.506635711759
8.625 27.506628825405
8.63 27.506623438276
8.635 27.506619543899
8.64 27.506617135799
8.645 27.506616207502
8.65 27.506616752533
8.655 27.506618764419
8.66 27.506622236686
8.665 27.506627162857
8.67 27.506633536461
8.675 27.506641351021
8.68 27.506650600065
8.685 27.506661277117
8.69 27.506673375704
8.695 27.50668688935
8.7 27.506701811583
8.705 27.506718135927
8.71 27.506735855908
8.715 27.506754965052
8.72 27.506775456885
8.725 27.506797324932
8.73 27.506820562719
8.735 27.506845163772
8.74 27.506871121616
8.745 27.506898429778
8.75 27.506927081783
8.755 27.506957071156
8.76 27.506988391423
8.765 27.507021036111
8.77 27.507054998744
8.775 27.507090272849
8.78 27.507126851951
8.785 27.507164729576
8.79 27.50720389925
8.795 27.507244354498
8.8 27.507286088846
8.805 27.507329095819
8.81 27.507373368945
8.815 27.507418901747
8.82 27.507465687753
8.825 27.507513720487
8.83 27.507562993475
8.835 27.507613500243
8.84 27.507665234317
8.845 27.507718189223
8.85 27.507772358486
8.855 27.507827735631
8.86 27.507884314186
8.865 27.507942087674
8.87 27.508001049623
8.875 27.508061193557
8.88 27.508122513003
8.885 27.508185001486
8.89 27.508248652532
8.895 27.508313459667
8.9 27.508379416416
8.905 27.508446516305
8.91 27.50851475286
8.915 27.508584119606
8.92 27.508654610069
8.925 27.508726217775
8.93 27.50879893625
8.935 27.508872759019
8.94 27.508947679608
8.945 27.509023691543
8.95 27.50910078835
8.955 27.509178963553
8.96 27.509258210679
8.965 27.509338523254
8.97 27.509419894804
8.975 27.509502318853
8.98 27.509585788928
8.985 27.509670298555
8.99 27.509755841258
8.995 27.509842410565
9 27.50993
9.005 27.510018603169
9.01 27.510108213999
9.015 27.510198826493
9.02 27.510290434659
9.025 27.510383032502
9.03 27.510476614026
9.035 27.510571173239
9.04 27.510666704145
9.045 27.51076320075
9.05 27.510860657059
9.055 27.510959067079
9.06 27.511058424814
9.065 27.51115872427
9.07 27.511259959454
9.075 27.51136212437
9.08 27.511465213024
9.085 27.511569219422
9.09 27.511674137569
9.095 27.51177996147
9.1 27.511886685133
9.105 27.511994302561
9.11 27.51210280776
9.115 27.512212194737
9.12 27.512322457497
9.125 27.512433590045
9.13 27.512545586387
9.135 27.512658440528
9.14 27.512772146474
9.145 27.512886698231
9.15 27.513002089805
9.155 27.5131183152
9.16 27.513235368422
9.165 27.513353243478
9.17 27.513471934372
9.175 27.51359143511
9.18 27.513711739698
9.185 27.513832842142
9.19 27.513954736446
9.195 27.514077416617
9.2 27.51420087666
9.205 27.51432511058
9.21 27.514450112384
9.215 27.514575876077
9.22 27.514702395664
9.225 27.514829665151
9.23 27.514957678544
9.235 27.515086429848
9.24 27.515215913068
9.245 27.515346122211
9.25 27.515477051282
9.255 27.515608694287
9.26 27.51574104523
9.265 27.515874098118
9.27 27.516007846957
9.275 27.516142285751
9.28 27.516277408507
9.285 27.51641320923
9.29 27.516549681925
9.295 27.516686820599
9.3 27.516824619256
9.305 27.516963071903
9.31 27.517102172544
9.315 27.517241915187
9.32 27.517382293835
9.325 27.517523302495
9.33 27.517664935172
9.335 27.517807185872
9.34 27.517950048601
9.345 27.518093517363
9.35 27.518237586166
9.355 27.518382249013
9.36 27.518527499911
9.365 27.518673332866
9.37 27.518819741882
9.375 27.518966720967
9.38 27.519114264124
9.385 27.51926236536
9.39 27.51941101868
9.395 27.51956021809
9.4 27.519709957595
9.405 27.519860231202
9.41 27.520011032915
9.415 27.520162356741
9.42 27.520314196684
9.425 27.52046654675
9.43 27.520619400946
9.435 27.520772753276
9.44 27.520926597746
9.445 27.521080928362
9.45 27.52123573913
9.455 27.521391024054
9.46 27.52154677714
9.465 27.521702992395
9.47 27.521859663823
9.475 27.522016785431
9.48 27.522174351223
9.485 27.522332355206
9.49 27.522490791385
9.495 27.522649653765
9.5 27.522808936352
9.505 27.522968633153
9.51 27.523128738171
9.515 27.523289245413
9.52 27.523450148885
9.525 27.523611442592
9.53 27.52377312054
9.535 27.523935176734
9.54 27.524097605179
9.545 27.524260399882
9.55 27.524423554848
9.555 27.524587064083
9.56 27.524750921592
9.565 27.52491512138
9.57 27.525079657454
9.575 27.525244523819
9.58 27.52540971448
9.585 27.525575223443
9.59 27.525741044714
9.595 27.525907172298
9.6 27.526073600201
9.605 27.526240322429
9.61 27.526407332986
9.615 27.526574625879
9.62 27.526742195113
9.625 27.526910034694
9.63 27.527078138628
9.635 27.527246500919
9.64 27.527415115574
9.645 27.527583976597
9.65 27.527753077996
9.655 27.527922413775
9.66 27.528091977939
9.665 27.528261764495
9.67 27.528431767448
9.675 27.528601980804
9.68 27.528772398568
9.685 27.528943014745
9.69 27.529113823342
9.695 27.529284818364
9.7 27.529455993816
9.705 27.529627343705
9.71 27.529798862035
9.715 27.529970542812
9.72 27.530142380042
9.725 27.530314367731
9.73 27.530486499884
9.735 27.530658770506
9.74 27.530831173604
9.745 27.531003703182
9.75 27.531176353247
9.755 27.531349117803
9.76 27.531521990857
9.765 27.531694966415
9.77 27.531868038481
9.775 27.532041201061
9.78 27.532214448161
9.785 27.532387773786
9.79 27.532561171943
9.795 27.532734636636
9.8 27.532908161871
9.805 27.533081741655
9.81 27.533255369991
9.815 27.533429040887
9.82 27.533602748347
9.825 27.533776486377
9.83 27.533950248983
9.835 27.53412403017
9.84 27.534297823944
9.845 27.53447162431
9.85 27.534645425275
9.855 27.534819220843
9.86 27.53499300502
9.865 27.535166771813
9.87 27.535340515225
9.875 27.535514229264
9.88 27.535687907934
9.885 27.535861545241
9.89 27.536035135191
9.895 27.536208671789
9.9 27.536382149041
9.905 27.536555560953
9.91 27.53672890153
9.915 27.536902164777
9.92 27.5370753447
9.925 27.537248435306
9.93 27.537421430598
9.935 27.537594324584
9.94 27.537767111268
9.945 27.537939784657
9.95 27.538112338755
9.955 27.538284767568
9.96 27.538457065103
9.965 27.538629225364
9.97 27.538801242356
9.975 27.538973110087
9.98 27.539144822561
9.985 27.539316373783
9.99 27.53948775776
9.995 27.539658968497
10 27.53983

