2.1 32.120074
2.105 32.060150284983
2.11 32.000988733271
2.115 31.942581649487
2.12 31.884921338259
2.125 31.828000104209
2.13 31.771810251965
2.135 31.716344086149
2.14 31.661593911388
2.145 31.607552032306
2.15 31.554210753529
2.155 31.501562379681
2.16 31.449599215388
2.165 31.398313565274
2.17 31.347697733965
2.175 31.297744026084
2.18 31.248444746259
2.185 31.199792199112
2.19 31.151778689271
2.195 31.104396521358
2.2 31.057638
2.205 31.011495210637
2.21 30.965959361975
2.215 30.921021443535
2.22 30.876672444838
2.225 30.832903355405
2.23 30.789705164757
2.235 30.747068862415
2.24 30.704985437901
2.245 30.663445880736
2.25 30.622441180441
2.255 30.581962326538
2.26 30.542000308546
2.265 30.502546115988
2.27 30.463590738385
2.275 30.425125165258
2.28 30.387140386127
2.285 30.349627390515
2.29 30.312577167943
2.295 30.27598070793
2.3 30.239829
2.305 30.204114129592
2.31 30.168832565828
2.315 30.133981873747
2.32 30.09955961839
2.325 30.065563364797
2.33 30.031990678009
2.335 29.998839123065
2.34 29.966106265006
2.345 29.933789668873
2.35 29.901886899705
2.355 29.870395522543
2.36 29.839313102427
2.365 29.808637204398
2.37 29.778365393495
2.375 29.74849523476
2.38 29.719024293232
2.385 29.689950133952
2.39 29.661270321959
2.395 29.632982422295
2.4 29.605084
2.405 29.577572394868
2.41 29.550444045713
2.415 29.523695166101
2.42 29.497321969602
2.425 29.471320669782
2.43 29.445687480209
2.435 29.42041861445
2.44 29.395510286074
2.445 29.370958708648
2.45 29.346760095739
2.455 29.322910660916
2.46 29.299406617746
2.465 29.276244179796
2.47 29.253419560634
2.475 29.230928973828
2.48 29.208768632945
2.485 29.186934751553
2.49 29.16542354322
2.495 29.144231221513
2.5 29.123354
2.505 29.102787464436
2.51 29.082524689322
2.515 29.062558121348
2.52 29.042880207203
2.525 29.023483393576
2.53 29.004360127157
2.535 28.985502854634
2.54 28.966904022697
2.545 28.948556078035
2.55 28.930451467338
2.555 28.912582637293
2.56 28.894942034591
2.565 28.87752210592
2.57 28.86031529797
2.575 28.84331405743
2.58 28.826510830989
2.585 28.809898065336
2.59 28.793468207161
2.595 28.777213703153
2.6 28.761127
2.605 28.745201619765
2.61 28.729435386001
2.615 28.713827197632
2.62 28.698375953586
2.625 28.683080552788
2.63 28.667939894163
2.635 28.652952876637
2.64 28.638118399136
2.645 28.623435360585
2.65 28.608902659911
2.655 28.594519196038
2.66 28.580283867892
2.665 28.5661955744
2.67 28.552253214487
2.675 28.538455687078
2.68 28.524801891099
2.685 28.511290725476
2.69 28.497921089135
2.695 28.484691881001
2.7 28.471602
2.705 28.458650156505
2.71 28.445834306676
2.715 28.433152218122
2.72 28.420601658451
2.725 28.408180395271
2.73 28.395886196191
2.735 28.383716828817
2.74 28.371670060759
2.745 28.359743659624
2.75 28.34793539302
2.755 28.336243028557
2.76 28.32466433384
2.765 28.31319707648
2.77 28.301839024084
2.775 28.290587944259
2.78 28.279441604615
2.785 28.268397772759
2.79 28.257454216299
2.795 28.246608702843
2.8 28.235859
2.805 28.225203057216
2.81 28.214639551295
2.815 28.204167340879
2.82 28.193785284608
2.825 28.183492241126
2.83 28.173287069075
2.835 28.163168627095
2.84 28.153135773829
2.845 28.14318736792
2.85 28.133322268008
2.855 28.123539332736
2.86 28.113837420746
2.865 28.104215390679
2.87 28.094672101179
2.875 28.085206410885
2.88 28.075817178442
2.885 28.066503262489
2.89 28.05726352167
2.895 28.048096814627
2.9 28.039002
2.905 28.029977984505
2.91 28.021023867142
2.915 28.012138794988
2.92 28.003321915115
2.925 27.994572374598
2.93 27.985889320511
2.935 27.977271899928
2.94 27.968719259924
2.945 27.960230547573
2.95 27.951804909948
2.955 27.943441494124
2.96 27.935139447176
2.965 27.926897916177
2.97 27.918716048202
2.975 27.910592990324
2.98 27.902527889618
2.985 27.894519893159
2.99 27.88656814802
2.995 27.878671801276
3 27.87083
3.005 27.863041946015
3.01 27.855307060135
3.015 27.84762481792
3.02 27.839994694932
3.025 27.832416166732
3.03 27.824888708881
3.035 27.817411796942
3.04 27.809984906474
3.045 27.80260751304
3.05 27.7952790922
3.055 27.787999119517
3.06 27.780767070551
3.065 27.773582420863
3.07 27.766444646015
3.075 27.759353221569
3.08 27.752307623085
3.085 27.745307326125
3.09 27.73835180625
3.095 27.731440539021
3.1 27.724573
3.105 27.71774869481
3.11 27.710967249319
3.115 27.704228319458
3.12 27.697531561159
3.125 27.690876630351
3.13 27.684263182964
3.135 27.677690874931
3.14 27.67115936218
3.145 27.664668300643
3.15 27.658217346251
3.155 27.651806154934
3.16 27.645434382622
3.165 27.639101685246
3.17 27.632807718738
3.175 27.626552139026
3.18 27.620334602043
3.185 27.614154763718
3.19 27.608012279982
3.195 27.601906806766
3.2 27.595838
3.205 27.589805536121
3.21 27.58380917359
3.215 27.577848691371
3.22 27.571923868433
3.225 27.566034483741
3.23 27.560180316262
3.235 27.554361144961
3.24 27.548576748806
3.245 27.542826906762
3.25 27.537111397795
3.255 27.531430000873
3.26 27.525782494962
3.265 27.520168659026
3.27 27.514588272034
3.275 27.509041112952
3.28 27.503526960745
3.285 27.49804559438
3.29 27.492596792823
3.295 27.487180335041
3.3 27.481796
3.305 27.476443578081
3.31 27.471122905323
3.315 27.465833829181
3.32 27.460576197108
3.325 27.455349856559
3.33 27.450154654988
3.335 27.444990439849
3.34 27.439857058597
3.345 27.434754358685
3.35 27.429682187567
3.355 27.424640392698
3.36 27.419628821532
3.365 27.414647321523
3.37 27.409695740124
3.375 27.404773924792
3.38 27.399881722978
3.385 27.395018982138
3.39 27.390185549725
3.395 27.385381273195
3.4 27.380606
3.405 27.375859584056
3.41 27.371141905119
3.415 27.366452849406
3.42 27.361792303135
3.425 27.357160152522
3.43 27.352556283785
3.435 27.347980583141
3.44 27.343432936807
3.445 27.338913230999
3.45 27.334421351936
3.455 27.329957185834
3.46 27.325520618911
3.465 27.321111537383
3.47 27.316729827468
3.475 27.312375375382
3.48 27.308048067343
3.485 27.303747789569
3.49 27.299474428275
3.495 27.29522786968
3.5 27.291008
3.505 27.286814708321
3.51 27.282647895202
3.515 27.27850746407
3.52 27.274393318353
3.525 27.270305361477
3.53 27.266243496871
3.535 27.262207627962
3.54 27.258197658177
3.545 27.254213490943
3.55 27.250255029689
3.555 27.24632217784
3.56 27.242414838825
3.565 27.238532916071
3.57 27.234676313005
3.575 27.230844933056
3.58 27.227038679649
3.585 27.223257456212
3.59 27.219501166174
3.595 27.215769712961
3.6 27.212063
3.605 27.20838093241
3.61 27.204723422074
3.615 27.201090382564
3.62 27.197481727455
3.625 27.193897370319
3.63 27.19033722473
3.635 27.186801204261
3.64 27.183289222486
3.645 27.179801192978
3.65 27.17633702931
3.655 27.172896645056
3.66 27.169479953789
3.665 27.166086869083
3.67 27.162717304511
3.675 27.159371173646
3.68 27.156048390062
3.685 27.152748867332
3.69 27.149472519029
3.695 27.146219258727
3.7 27.142989
3.705 27.139781656788
3.71 27.136597144502
3.715 27.133435378923
3.72 27.130296275828
3.725 27.127179750997
3.73 27.12408572021
3.735 27.121014099244
3.74 27.11796480388
3.745 27.114937749896
3.75 27.111932853072
3.755 27.108950029186
3.76 27.105989194018
3.765 27.103050263347
3.77 27.100133152951
3.775 27.097237778611
3.78 27.094364056104
3.785 27.091511901211
3.79 27.088681229709
3.795 27.08587195738
3.8 27.083084
3.805 27.080317273563
3.81 27.077571694917
3.815 27.07484718112
3.82 27.072143649233
3.825 27.069461016317
3.83 27.066799199432
3.835 27.064158115637
3.84 27.061537681994
3.845 27.058937815562
3.85 27.056358433402
3.855 27.053799452574
3.86 27.051260790138
3.865 27.048742363155
3.87 27.046244088684
3.875 27.043765883786
3.88 27.041307665522
3.885 27.03886935095
3.89 27.036450857133
3.895 27.034052101129
3.9 27.031673
3.905 27.029313471833
3.91 27.026973438831
3.915 27.024652824223
3.92 27.022351551239
3.925 27.020069543109
3.93 27.017806723064
3.935 27.015563014332
3.94 27.013338340144
3.945 27.01113262373
3.95 27.008945788319
3.955 27.006777757142
3.96 27.004628453429
3.965 27.002497800409
3.97 27.000385721313
3.975 26.998292139369
3.98 26.996216977809
3.985 26.994160159863
3.99 26.992121608759
3.995 26.990101247728
4 26.988099
4.005 26.986114787809
4.01 26.984148529407
4.015 26.98220014205
4.02 26.980269542994
4.025 26.978356649495
4.03 26.976461378808
4.035 26.974583648191
4.04 26.972723374899
4.045 26.970880476187
4.05 26.969054869313
4.055 26.967246471532
4.06 26.9654552001
4.065 26.963680972274
4.07 26.961923705308
4.075 26.96018331646
4.08 26.958459722985
4.085 26.956752842139
4.09 26.955062591179
4.095 26.95338888736
4.1 26.951731647938
4.105 26.95009079017
4.11 26.948466231312
4.115 26.946857888619
4.12 26.945265679347
4.125 26.943689520753
4.13 26.942129330092
4.135 26.940585024621
4.14 26.939056521596
4.145 26.937543738273
4.15 26.936046591907
4.155 26.934564999755
4.16 26.933098879073
4.165 26.931648147116
4.17 26.930212721142
4.175 26.928792518405
4.18 26.927387456162
4.185 26.925997451669
4.19 26.924622422182
4.195 26.923262284957
4.2 26.92191695725
4.205 26.920586356317
4.21 26.919270399415
4.215 26.917969003798
4.22 26.916682086724
4.225 26.915409565447
4.23 26.914151357225
4.235 26.912907379314
4.24 26.911677548968
4.245 26.910461783445
4.25 26.90926
4.255 26.908072122031
4.26 26.9068980975
4.265 26.905737880511
4.27 26.904591425169
4.275 26.903458685576
4.28 26.902339615837
4.285 26.901234170057
4.29 26.900142302337
4.295 26.899063966784
4.3 26.8979991175
4.305 26.896947708589
4.31 26.895909694156
4.315 26.894885028304
4.32 26.893873665137
4.325 26.89287555876
4.33 26.891890663275
4.335 26.890918932787
4.34 26.8899603214
4.345 26.889014783218
4.35 26.888082272344
4.355 26.887162742883
4.36 26.886256148938
4.365 26.885362444613
4.37 26.884481584013
4.375 26.88361352124
4.38 26.8827582104
4.385 26.881915605596
4.39 26.881085660931
4.395 26.880268330511
4.4 26.879463568438
4.405 26.878671328816
4.41 26.87789156575
4.415 26.877124233344
4.42 26.8763692857
4.425 26.875626676924
4.43 26.874896361119
4.435 26.874178292389
4.44 26.873472424838
4.445 26.872778712569
4.45 26.872097109688
4.455 26.871427570297
4.46 26.8707700485
4.465 26.870124498402
4.47 26.869490874106
4.475 26.868869129717
4.48 26.868259219338
4.485 26.867661097072
4.49 26.867074717025
4.495 26.8665000333
4.5 26.865937
4.505 26.865385564671
4.51 26.864845648622
4.515 26.864317166603
4.52 26.863800033364
4.525 26.863294163655
4.53 26.862799472227
4.535 26.862315873829
4.54 26.861843283211
4.545 26.861381615125
4.55 26.86093078432
4.555 26.860490705545
4.56 26.860061293552
4.565 26.85964246309
4.57 26.85923412891
4.575 26.858836205762
4.58 26.858448608395
4.585 26.85807125156
4.59 26.857704050007
4.595 26.857346918487
4.6 26.856999771748
4.605 26.856662524543
4.61 26.85633509162
4.615 26.856017387729
4.62 26.855709327622
4.625 26.855410826048
4.63 26.855121797757
4.635 26.854842157499
4.64 26.854571820025
4.645 26.854310700084
4.65 26.854058712427
4.655 26.853815771804
4.66 26.853581792965
4.665 26.85335669066
4.67 26.85314037964
4.675 26.852932774654
4.68 26.852733790453
4.685 26.852543341786
4.69 26.852361343404
4.695 26.852187710058
4.7 26.852022356496
4.705 26.85186519747
4.71 26.851716147729
4.715 26.851575122024
4.72 26.851442035105
4.725 26.851316801721
4.73 26.851199336624
4.735 26.851089554563
4.74 26.850987370288
4.745 26.850892698549
4.75 26.850805454097
4.755 26.850725551682
4.76 26.850652906053
4.765 26.850587431962
4.77 26.850529044158
4.775 26.850477657391
4.78 26.850433186411
4.785 26.850395545969
4.79 26.850364650815
4.795 26.850340415698
4.8 26.85032275537
4.805 26.85031158458
4.81 26.850306818078
4.815 26.850308370614
4.82 26.850316156939
4.825 26.850330091803
4.83 26.850350089955
4.835 26.850376066146
4.84 26.850407935127
4.845 26.850445611647
4.85 26.850489010456
4.855 26.850538046305
4.86 26.850592633943
4.865 26.850652688121
4.87 26.85071812359
4.875 26.850788855098
4.88 26.850864797396
4.885 26.850945865235
4.89 26.851031973365
4.895 26.851123036535
4.9 26.851218969496
4.905 26.851319686998
4.91 26.851425103791
4.915 26.851535134625
4.92 26.85164969425
4.925 26.851768697417
4.93 26.851892058876
4.935 26.852019693377
4.94 26.852151515669
4.945 26.852287440504
4.95 26.85242738263
4.955 26.852571256799
4.96 26.852718977761
4.965 26.852870460265
4.97 26.853025619062
4.975 26.853184368902
4.98 26.853346624535
4.985 26.853512300711
4.99 26.85368131218
4.995 26.853853573693
5 26.854029
5.005 26.854207519738
5.01 26.854389117095
5.015 26.854573790147
5.02 26.854761536969
5.025 26.854952355637
5.03 26.855146244227
5.035 26.855343200813
5.04 26.855543223472
5.045 26.855746310278
5.05 26.855952459308
5.055 26.856161668637
5.06 26.85637393634
5.065 26.856589260494
5.07 26.856807639172
5.075 26.857029070452
5.08 26.857253552408
5.085 26.857481083116
5.09 26.857711660652
5.095 26.857945283091
5.1 26.858181948508
5.105 26.858421654979
5.11 26.85866440058
5.115 26.858910183386
5.12 26.859159001473
5.125 26.859410852915
5.13 26.85966573579
5.135 26.859923648171
5.14 26.860184588135
5.145 26.860448553758
5.15 26.860715543114
5.155 26.860985554279
5.16 26.861258585329
5.165 26.861534634339
5.17 26.861813699385
5.175 26.862095778543
5.18 26.862380869887
5.185 26.862668971493
5.19 26.862960081437
5.195 26.863254197795
5.2 26.863551318641
5.205 26.863851442052
5.21 26.864154566103
5.215 26.864460688869
5.22 26.864769808425
5.225 26.865081922849
5.23 26.865397030214
5.235 26.865715128597
5.24 26.866036216073
5.245 26.866360290717
5.25 26.866687350605
5.255 26.867017393813
5.26 26.867350418415
5.265 26.867686422489
5.27 26.868025404108
5.275 26.868367361349
5.28 26.868712292287
5.285 26.869060194998
5.29 26.869411067557
5.295 26.869764908039
5.3 26.87012171452
5.305 26.870481485077
5.31 26.870844217783
5.315 26.871209910715
5.32 26.871578561948
5.325 26.871950169558
5.33 26.872324731621
5.335 26.872702246211
5.34 26.873082711404
5.345 26.873466125276
5.35 26.873852485903
5.355 26.874241791359
5.36 26.87463403972
5.365 26.875029229063
5.37 26.875427357461
5.375 26.875828422992
5.38 26.87623242373
5.385 26.876639357751
5.39 26.87704922313
5.395 26.877462017944
5.4 26.877877740266
5.405 26.878296388174
5.41 26.878717959742
5.415 26.879142453047
5.42 26.879569866162
5.425 26.880000197165
5.43 26.88043344413
5.435 26.880869605134
5.44 26.881308678251
5.445 26.881750661557
5.45 26.882195553127
5.455 26.882643351038
5.46 26.883094053364
5.465 26.883547658182
5.47 26.884004163566
5.475 26.884463567592
5.48 26.884925868337
5.485 26.885391063874
5.49 26.88585915228
5.495 26.88633013163
5.5 26.886804
5.505 26.8872807547
5.51 26.887760389982
5.515 26.88824289933
5.52 26.888728276231
5.525 26.88921651417
5.53 26.889707606634
5.535 26.890201547108
5.54 26.890698329077
5.545 26.891197946028
5.55 26.891700391447
5.555 26.892205658819
5.56 26.89271374163
5.565 26.893224633366
5.57 26.893738327512
5.575 26.894254817555
5.58 26.894774096981
5.585 26.895296159274
5.59 26.895820997921
5.595 26.896348606408
5.6 26.89687897822
5.605 26.897412106843
5.61 26.897947985764
5.615 26.898486608467
5.62 26.899027968439
5.625 26.899572059166
5.63 26.900118874133
5.635 26.900668406825
5.64 26.90122065073
5.645 26.901775599332
5.65 26.902333246118
5.655 26.902893584573
5.66 26.903456608183
5.665 26.904022310433
5.67 26.904590684811
5.675 26.905161724801
5.68 26.905735423889
5.685 26.906311775561
5.69 26.906890773303
5.695 26.9074724106
5.7 26.908056680939
5.705 26.908643577805
5.71 26.909233094685
5.715 26.909825225063
5.72 26.910419962425
5.725 26.911017300258
5.73 26.911617232048
5.735 26.912219751279
5.74 26.912824851438
5.745 26.913432526011
5.75 26.914042768483
5.755 26.91465557234
5.76 26.915270931069
5.765 26.915888838154
5.77 26.916509287082
5.775 26.917132271338
5.78 26.917757784408
5.785 26.918385819779
5.79 26.919016370935
5.795 26.919649431363
5.8 26.920284994548
5.805 26.920923053977
5.81 26.921563603134
5.815 26.922206635506
5.82 26.922852144579
5.825 26.923500123838
5.83 26.92415056677
5.835 26.924803466859
5.84 26.925458817593
5.845 26.926116612455
5.85 26.926776844934
5.855 26.927439508513
5.86 26.928104596679
5.865 26.928772102919
5.87 26.929442020716
5.875 26.930114343559
5.88 26.930789064931
5.885 26.931466178319
5.89 26.932145677209
5.895 26.932827555087
5.9 26.933511805438
5.905 26.934198421748
5.91 26.934887397504
5.915 26.93557872619
5.92 26.936272401292
5.925 26.936968416297
5.93 26.93766676469
5.935 26.938367439958
5.94 26.939070435584
5.945 26.939775745057
5.95 26.940483361861
5.955 26.941193279482
5.96 26.941905491406
5.965 26.942619991118
5.97 26.943336772106
5.975 26.944055827853
5.98 26.944777151847
5.985 26.945500737573
5.99 26.946226578516
5.995 26.946954668164
6 26.947685
6.005 26.948417564943
6.01 26.949152343634
6.015 26.949889314147
6.02 26.950628454555
6.025 26.951369742932
6.03 26.95211315735
6.035 26.952858675883
6.04 26.953606276604
6.045 26.954355937586
6.05 26.955107636903
6.055 26.955861352629
6.06 26.956617062835
6.065 26.957374745597
6.07 26.958134378986
6.075 26.958895941077
6.08 26.959659409941
6.085 26.960424763654
6.09 26.961191980288
6.095 26.961961037916
6.1 26.962731914612
6.105 26.963504588449
6.11 26.9642790375
6.115 26.965055239838
6.12 26.965833173538
6.125 26.966612816671
6.13 26.967394147312
6.135 26.968177143534
6.14 26.968961783409
6.145 26.969748045012
6.15 26.970535906415
6.155 26.971325345692
6.16 26.972116340917
6.165 26.972908870161
6.17 26.9737029115
6.175 26.974498443005
6.18 26.975295442751
6.185 26.97609388881
6.19 26.976893759256
6.195 26.977695032163
6.2 26.978497685602
6.205 26.979301697649
6.21 26.980107046375
6.215 26.980913709855
6.22 26.981721666162
6.225 26.982530893368
6.23 26.983341369548
6.235 26.984153072774
6.24 26.984965981119
6.245 26.985780072658
6.25 26.986595325463
6.255 26.987411717608
6.26 26.988229227166
6.265 26.989047832209
6.27 26.989867510813
6.275 26.990688241049
6.28 26.991510000991
6.285 26.992332768713
6.29 26.993156522287
6.295 26.993981239787
6.3 26.994806899287
6.305 26.995633478859
6.31 26.996460956577
6.315 26.997289310513
6.32 26.998118518743
6.325 26.998948559338
6.33 26.999779410372
6.335 27.000611049918
6.34 27.00144345605
6.345 27.00227660684
6.35 27.003110480363
6.355 27.003945054691
6.36 27.004780307898
6.365 27.005616218057
6.37 27.006452763241
6.375 27.007289921524
6.38 27.008127670978
6.385 27.008965989678
6.39 27.009804855696
6.395 27.010644247106
6.4 27.011484141981
6.405 27.012324518394
6.41 27.013165354419
6.415 27.014006628129
6.42 27.014848317597
6.425 27.015690400896
6.43 27.0165328561
6.435 27.017375661282
6.44 27.018218794516
6.445 27.019062233874
6.45 27.01990595743
6.455 27.020749943257
6.46 27.021594169429
6.465 27.022438614019
6.47 27.023283255099
6.475 27.024128070744
6.48 27.024973039027
6.485 27.025818138021
6.49 27.026663345798
6.495 27.027508640434
6.5 27.028354
6.505 27.029199404934
6.51 27.03004484513
6.515 27.030890312843
6.52 27.031735800332
6.525 27.032581299853
6.53 27.033426803663
6.535 27.03427230402
6.54 27.03511779318
6.545 27.035963263401
6.55 27.036808706939
6.555 27.037654116052
6.56 27.038499482996
6.565 27.039344800029
6.57 27.040190059407
6.575 27.041035253389
6.58 27.04188037423
6.585 27.042725414187
6.59 27.043570365519
6.595 27.044415220481
6.6 27.045259971332
6.605 27.046104610327
6.61 27.046949129725
6.615 27.047793521781
6.62 27.048637778754
6.625 27.049481892899
6.63 27.050325856475
6.635 27.051169661738
6.64 27.052013300946
6.645 27.052856766354
6.65 27.053700050221
6.655 27.054543144804
6.66 27.055386042359
6.665 27.056228735143
6.67 27.057071215414
6.675 27.057913475429
6.68 27.058755507444
6.685 27.059597303716
6.69 27.060438856504
6.695 27.061280158063
6.7 27.062121200651
6.705 27.062961976525
6.71 27.063802477942
6.715 27.064642697158
6.72 27.065482626432
6.725 27.06632225802
6.73 27.067161584178
6.735 27.068000597165
6.74 27.068839289237
6.745 27.069677652651
6.75 27.070515679664
6.755 27.071353362534
6.76 27.072190693517
6.765 27.07302766487
6.77 27.073864268851
6.775 27.074700497716
6.78 27.075536343722
6.785 27.076371799128
6.79 27.077206856188
6.795 27.078041507162
6.8 27.078875744304
6.805 27.079709559874
6.81 27.080542946128
6.815 27.081375895322
6.82 27.082208399714
6.825 27.083040451561
6.83 27.083872043119
6.835 27.084703166647
6.84 27.085533814401
6.845 27.086363978638
6.85 27.087193651615
6.855 27.088022825589
6.86 27.088851492817
6.865 27.089679645557
6.87 27.090507276064
6.875 27.091334376597
6.88 27.092160939413
6.885 27.092986956767
6.89 27.093812420919
6.895 27.094637324123
6.9 27.095461658639
6.905 27.096285416721
6.91 27.097108590629
6.915 27.097931172618
6.92 27.098753154946
6.925 27.099574529869
6.93 27.100395289645
6.935 27.101215426531
6.94 27.102034932784
6.945 27.102853800661
6.95 27.103672022419
6.955 27.104489590315
6.96 27.105306496606
6.965 27.106122733549
6.97 27.106938293401
6.975 27.107753168419
6.98 27.108567350861
6.985 27.109380832983
6.99 27.110193607042
6.995 27.111005665295
7 27.111817
7.005 27.112627603802
7.01 27.113437470905
7.015 27.114246595899
7.02 27.115054973376
7.025 27.115862597927
7.03 27.116669464146
7.035 27.117475566622
7.04 27.118280899947
7.045 27.119085458713
7.05 27.119889237512
7.055 27.120692230935
7.06 27.121494433574
7.065 27.12229584002
7.07 27.123096444865
7.075 27.123896242701
7.08 27.124695228118
7.085 27.125493395709
7.09 27.126290740065
7.095 27.127087255778
7.1 27.127882937439
7.105 27.12867777964
7.11 27.129471776972
7.115 27.130264924028
7.12 27.131057215398
7.125 27.131848645674
7.13 27.132639209448
7.135 27.133428901311
7.14 27.134217715855
7.145 27.135005647671
7.15 27.135792691351
7.155 27.136578841487
7.16 27.13736409267
7.165 27.138148439492
7.17 27.138931876544
7.175 27.139714398418
7.18 27.140495999706
7.185 27.141276674998
7.19 27.142056418887
7.195 27.142835225964
7.2 27.14361309082
7.205 27.144390008048
7.21 27.145165972239
7.215 27.145940977985
7.22 27.146715019876
7.225 27.147488092505
7.23 27.148260190463
7.235 27.149031308341
7.24 27.149801440732
7.245 27.150570582227
7.25 27.151338727417
7.255 27.152105870894
7.26 27.15287200725
7.265 27.153637131076
7.27 27.154401236964
7.275 27.155164319504
7.28 27.15592637329
7.285 27.156687392912
7.29 27.157447372962
7.295 27.158206308032
7.3 27.158964192713
7.305 27.159721021596
7.31 27.160476789274
7.315 27.161231490337
7.32 27.161985119378
7.325 27.162737670988
7.33 27.163489139759
7.335 27.164239520281
7.34 27.164988807148
7.345 27.165736994949
7.35 27.166484078278
7.355 27.167230051725
7.36 27.167974909881
7.365 27.16871864734
7.37 27.169461258691
7.375 27.170202738527
7.38 27.17094308144
7.385 27.17168228202
7.39 27.17242033486
7.395 27.173157234551
7.4 27.173892975684
7.405 27.174627552851
7.41 27.175360960644
7.415 27.176093193654
7.42 27.176824246474
7.425 27.177554113693
7.43 27.178282789905
7.435 27.1790102697
7.44 27.17973654767
7.445 27.180461618407
7.45 27.181185476502
7.455 27.181908116547
7.46 27.182629533133
7.465 27.183349720852
7.47 27.184068674296
7.475 27.184786388056
7.48 27.185502856724
7.485 27.186218074891
7.49 27.186932037148
7.495 27.187644738088
7.5 27.188356172302
7.505 27.189066334382
7.51 27.189775218919
7.515 27.190482820504
7.52 27.19118913373
7.525 27.191894153187
7.53 27.192597873468
7.535 27.193300289164
7.54 27.194001394866
7.545 27.194701185167
7.55 27.195399654657
7.555 27.196096797929
7.56 27.196792609573
7.565 27.197487084181
7.57 27.198180216346
7.575 27.198872000658
7.58 27.199562431709
7.585 27.200251504091
7.59 27.200939212396
7.595 27.201625551214
7.6 27.202310515137
7.605 27.202994098757
7.61 27.203676296666
7.615 27.204357103455
7.62 27.205036513716
7.625 27.20571452204
7.63 27.206391123018
7.635 27.207066311243
7.64 27.207740081306
7.645 27.208412427799
7.65 27.209083345313
7.655 27.209752828439
7.66 27.21042087177
7.665 27.211087469896
7.67 27.21175261741
7.675 27.212416308903
7.68 27.213078538966
7.685 27.213739302191
7.69 27.21439859317
7.695 27.215056406494
7.7 27.215712736756
7.705 27.216367578545
7.71 27.217020926454
7.715 27.217672775075
7.72 27.218323118999
7.725 27.218971952818
7.73 27.219619271123
7.735 27.220265068506
7.74 27.220909339558
7.745 27.221552078871
7.75 27.222193281036
7.755 27.222832940646
7.76 27.223471052292
7.765 27.224107610564
7.77 27.224742610055
7.775 27.225376045357
7.78 27.226007911061
7.785 27.226638201758
7.79 27.22726691204
7.795 27.227894036499
7.8 27.228519569727
7.805 27.229143506314
7.81 27.229765840852
7.815 27.230386567933
7.82 27.231005682149
7.825 27.231623178091
7.83 27.232239050351
7.835 27.23285329352
7.84 27.233465902189
7.845 27.234076870951
7.85 27.234686194397
7.855 27.235293867118
7.86 27.235899883707
7.865 27.236504238754
7.87 27.237106926852
7.875 27.237707942591
7.88 27.238307280563
7.885 27.238904935361
7.89 27.239500901575
7.895 27.240095173797
7.9 27.240687746619
7.905 27.241278614632
7.91 27.241867772427
7.915 27.242455214598
7.92 27.243040935734
7.925 27.243624930427
7.93 27.24420719327
7.935 27.244787718853
7.94 27.245366501769
7.945 27.245943536608
7.95 27.246518817963
7.955 27.247092340424
7.96 27.247664098584
7.965 27.248234087035
7.97 27.248802300366
7.975 27.249368733171
7.98 27.249933380041
7.985 27.250496235568
7.99 27.251057294342
7.995 27.251616550955
8 27.252174
8.005 27.25272963737
8.01 27.253283464171
8.015 27.253835482811
8.02 27.254385695698
8.025 27.25493410524
8.03 27.255480713845
8.035 27.256025523922
8.04 27.256568537879
8.045 27.257109758123
8.05 27.257649187064
8.055 27.258186827108
8.06 27.258722680664
8.065 27.259256750141
8.07 27.259789037947
8.075 27.260319546489
8.08 27.260848278175
8.085 27.261375235415
8.09 27.261900420616
8.095 27.262423836186
8.1 27.262945484533
8.105 27.263465368066
8.11 27.263983489192
8.115 27.26449985032
8.12 27.265014453858
8.125 27.265527302215
8.13 27.266038397797
8.135 27.266547743013
8.14 27.267055340273
8.145 27.267561191982
8.15 27.268065300551
8.155 27.268567668386
8.16 27.269068297896
8.165 27.26956719149
8.17 27.270064351575
8.175 27.270559780559
8.18 27.271053480851
8.185 27.271545454859
8.19 27.27203570499
8.195 27.272524233654
8.2 27.273011043258
8.205 27.27349613621
8.21 27.273979514918
8.215 27.274461181792
8.22 27.274941139237
8.225 27.275419389664
8.23 27.27589593548
8.235 27.276370779093
8.24 27.276843922911
8.245 27.277315369343
8.25 27.277785120796
8.255 27.278253179679
8.26 27.2787195484
8.265 27.279184229367
8.27 27.279647224988
8.275 27.280108537671
8.28 27.280568169825
8.285 27.281026123857
8.29 27.281482402177
8.295 27.281937007191
8.3 27.282389941307
8.305 27.282841206936
8.31 27.283290806483
8.315 27.283738742358
8.32 27.284185016968
8.325 27.284629632722
8.33 27.285072592028
8.335 27.285513897294
8.34 27.285953550928
8.345 27.286391555339
8.35 27.286827912934
8.355 27.287262626121
8.36 27.287695697309
8.365 27.288127128906
8.37 27.28855692332
8.375 27.288985082959
8.38 27.289411610231
8.385 27.289836507545
8.39 27.290259777308
8.395 27.290681421929
8.4 27.291101443816
8.405 27.291519845377
8.41 27.29193662902
8.415 27.292351797153
8.42 27.292765352185
8.425 27.293177296523
8.43 27.293587632576
8.435 27.293996362752
8.44 27.294403489458
8.445 27.294809015104
8.45 27.295212942097
8.455 27.295615272846
8.46 27.296016009757
8.465 27.296415155241
8.47 27.296812711705
8.475 27.297208681556
8.48 27.297603067204
8.485 27.297995871055
8.49 27.29838709552
8.495 27.298776743004
8.5 27.299164815918
8.505 27.299551316668
8.51 27.299936247663
8.515 27.300319611311
8.52 27.300701410021
8.525 27.3010816462
8.53 27.301460322256
8.535 27.301837440598
8.54 27.302213003634
8.545 27.302587013772
8.55 27.30295947342
8.555 27.303330384986
8.56 27.303699750879
8.565 27.304067573506
8.57 27.304433855276
8.575 27.304798598596
8.58 27.305161805876
8.585 27.305523479522
8.59 27.305883621944
8.595 27.306242235549
8.6 27.306599322746
8.605 27.306954885942
8.61 27.307308927546
8.615 27.307661449966
8.62 27.308012455611
8.625 27.308361946887
8.63 27.308709926204
8.635 27.309056395969
8.64 27.309401358591
8.645 27.309744816477
8.65 27.310086772037
8.655 27.310427227677
8.66 27.310766185807
8.665 27.311103648834
8.67 27.311439619167
8.675 27.311774099213
8.68 27.312107091381
8.685 27.312438598079
8.69 27.312768621716
8.695 27.313097164698
8.7 27.313424229434
8.705 27.313749818334
8.71 27.314073933803
8.715 27.314396578252
8.72 27.314717754087
8.725 27.315037463718
8.73 27.315355709551
8.735 27.315672493996
8.74 27.315987819461
8.745 27.316301688353
8.75 27.316614103081
8.755 27.316925066052
8.76 27.317234579676
8.765 27.31754264636
8.77 27.317849268512
8.775 27.318154448541
8.78 27.318458188855
8.785 27.318760491861
8.79 27.319061359968
8.795 27.319360795584
8.8 27.319658801117
8.805 27.319955378976
8.81 27.320250531568
8.815 27.320544261301
8.82 27.320836570585
8.825 27.321127461826
8.83 27.321416937433
8.835 27.321704999815
8.84 27.321991651378
8.845 27.322276894533
8.85 27.322560731686
8.855 27.322843165245
8.86 27.32312419762
8.865 27.323403831217
8.87 27.323682068446
8.875 27.323958911714
8.88 27.324234363429
8.885 27.324508426
8.89 27.324781101835
8.895 27.325052393341
8.9 27.325322302928
8.905 27.325590833002
8.91 27.325857985973
8.915 27.326123764249
8.92 27.326388170237
8.925 27.326651206346
8.93 27.326912874983
8.935 27.327173178558
8.94 27.327432119478
8.945 27.327689700151
8.95 27.327945922985
8.955 27.328200790389
8.96 27.328454304771
8.965 27.328706468539
8.97 27.3289572841
8.975 27.329206753864
8.98 27.329454880238
8.985 27.329701665631
8.99 27.32994711245
8.995 27.330191223103
9 27.330434
9.005 27.330675445996
9.01 27.330915565738
9.015 27.331154364324
9.02 27.331391846849
9.025 27.33162801841
9.03 27.331862884102
9.035 27.332096449022
9.04 27.332328718266
9.045 27.332559696929
9.05 27.332789390109
9.055 27.3330178029
9.06 27.3332449404
9.065 27.333470807704
9.07 27.333695409909
9.075 27.33391875211
9.08 27.334140839404
9.085 27.334361676887
9.09 27.334581269654
9.095 27.334799622803
9.1 27.335016741428
9.105 27.335232630627
9.11 27.335447295495
9.115 27.335660741129
9.12 27.335872972624
9.125 27.336083995077
9.13 27.336293813584
9.135 27.336502433241
9.14 27.336709859143
9.145 27.336916096388
9.15 27.337121150071
9.155 27.337325025288
9.16 27.337527727136
9.165 27.33772926071
9.17 27.337929631108
9.175 27.338128843423
9.18 27.338326902754
9.185 27.338523814196
9.19 27.338719582845
9.195 27.338914213797
9.2 27.339107712149
9.205 27.339300082996
9.21 27.339491331434
9.215 27.339681462561
9.22 27.339870481471
9.225 27.340058393261
9.23 27.340245203027
9.235 27.340430915865
9.24 27.340615536871
9.245 27.340799071142
9.25 27.340981523773
9.255 27.341162899861
9.26 27.341343204502
9.265 27.341522442791
9.27 27.341700619826
9.275 27.341877740701
9.28 27.342053810514
9.285 27.342228834359
9.29 27.342402817335
9.295 27.342575764535
9.3 27.342747681057
9.305 27.342918571997
9.31 27.343088442451
9.315 27.343257297515
9.32 27.343425142285
9.325 27.343591981857
9.33 27.343757821327
9.335 27.343922665791
9.34 27.344086520347
9.345 27.344249390088
9.35 27.344411280113
9.355 27.344572195516
9.36 27.344732141394
9.365 27.344891122843
9.37 27.34504914496
9.375 27.34520621284
9.38 27.345362331579
9.385 27.345517506273
9.39 27.345671742019
9.395 27.345825043913
9.4 27.345977417051
9.405 27.346128866529
9.41 27.346279397443
9.415 27.346429014889
9.42 27.346577723963
9.425 27.346725529762
9.43 27.346872437381
9.435 27.347018451917
9.44 27.347163578465
9.445 27.347307822123
9.45 27.347451187985
9.455 27.347593681149
9.46 27.347735306709
9.465 27.347876069763
9.47 27.348015975406
9.475 27.348155028735
9.48 27.348293234846
9.485 27.348430598834
9.49 27.348567125796
9.495 27.348702820828
9.5 27.348837689026
9.505 27.348971735487
9.51 27.349104965305
9.515 27.349237383578
9.52 27.349368995402
9.525 27.349499805872
9.53 27.349629820085
9.535 27.349759043137
9.54 27.349887480124
9.545 27.350015136142
9.55 27.350142016287
9.555 27.350268125656
9.56 27.350393469343
9.565 27.350518052447
9.57 27.350641880062
9.575 27.350764957285
9.58 27.350887289212
9.585 27.351008880938
9.59 27.351129737561
9.595 27.351249864176
9.6 27.351369265879
9.605 27.351487947767
9.61 27.351605914936
9.615 27.351723172481
9.62 27.351839725498
9.625 27.351955579085
9.63 27.352070738337
9.635 27.352185208349
9.64 27.352298994219
9.645 27.352412101043
9.65 27.352524533915
9.655 27.352636297934
9.66 27.352747398194
9.665 27.352857839791
9.67 27.352967627823
9.675 27.353076767385
9.68 27.353185263572
9.685 27.353293121482
9.69 27.353400346211
9.695 27.353506942854
9.7 27.353612916507
9.705 27.353718272267
9.71 27.35382301523
9.715 27.353927150491
9.72 27.354030683148
9.725 27.354133618296
9.73 27.354235961031
9.735 27.35433771645
9.74 27.354438889647
9.745 27.354539485721
9.75 27.354639509766
9.755 27.354738966879
9.76 27.354837862156
9.765 27.354936200693
9.77 27.355033987586
9.775 27.355131227931
9.78 27.355227926825
9.785 27.355324089363
9.79 27.355419720642
9.795 27.355514825757
9.8 27.355609409805
9.805 27.355703477882
9.81 27.355797035084
9.815 27.355890086508
9.82 27.355982637248
9.825 27.356074692402
9.83 27.356166257065
9.835 27.356257336334
9.84 27.356347935305
9.845 27.356438059074
9.85 27.356527712736
9.855 27.356616901388
9.86 27.356705630127
9.865 27.356793904048
9.87 27.356881728247
9.875 27.356969107821
9.88 27.357056047865
9.885 27.357142553476
9.89 27.35722862975
9.895 27.357314281783
9.9 27.357399514671
9.905 27.35748433351
9.91 27.357568743396
9.915 27.357652749426
9.92 27.357736356695
9.925 27.3578195703
9.93 27.357902395336
9.935 27.3579848369
9.94 27.358066900089
9.945 27.358148589997
9.95 27.358229911721
9.955 27.358310870358
9.96 27.358391471003
9.965 27.358471718753
9.97 27.358551618703
9.975 27.35863117595
9.98 27.35871039559
9.985 27.358789282719
9.99 27.358867842433
9.995 27.358946079828
10 27.359024

