1.5 58.968430149437
1.51 58.334374858988
1.52 57.718507218364
1.53 57.120413638377
1.54 56.539680529842
1.55 55.975894303564
1.56 55.428641370363
1.57 54.897508141045
1.58 54.382081026421
1.59 53.881946437306
1.6 53.396690784511
1.61 52.925893447927
1.62 52.469105683765
1.63 52.025871717322
1.64 51.595735773889
1.65 51.178242078761
1.66 50.772934857228
1.67 50.379358334587
1.68 49.997056736129
1.69 49.625574287146
1.7 49.264455212936
1.71 48.913278893386
1.72 48.571765326785
1.73 48.239669666017
1.74 47.91674706397
1.75 47.602752673525
1.76 47.297441647568
1.77 47.000569138985
1.78 46.71189030066
1.79 46.431160285479
1.8 46.158134246327
1.81 45.892575227137
1.82 45.634277836025
1.83 45.383044572161
1.84 45.138677934706
1.85 44.90098042283
1.86 44.669754535699
1.87 44.444802772479
1.88 44.225927632333
1.89 44.01293161443
1.9 43.805617217935
1.91 43.603796710485
1.92 43.407321433607
1.93 43.216052497296
1.94 43.029851011548
1.95 42.848578086359
1.96 42.672094831728
1.97 42.500262357652
1.98 42.332941774122
1.99 42.169994191141
2 42.0112807187
2.01 41.856668774983
2.02 41.706051010896
2.03 41.559326385529
2.04 41.416393857978
2.05 41.277152387332
2.06 41.141500932683
2.07 41.009338453121
2.08 40.880563907738
2.09 40.75507625563
2.1 40.632774455883
2.11 40.513562119092
2.12 40.39736146185
2.13 40.284099352253
2.14 40.173702658399
2.15 40.066098248377
2.16 39.961212990288
2.17 39.858973752223
2.18 39.75930740228
2.19 39.662140808554
2.2 39.56740083914
2.21 39.475017375019
2.22 39.384932348722
2.23 39.297090705661
2.24 39.211437391254
2.25 39.127917350918
2.26 39.046475530064
2.27 38.967056874112
2.28 38.889606328478
2.29 38.814068838572
2.3 38.740389349814
2.31 38.668514900264
2.32 38.598400898566
2.33 38.530004846001
2.34 38.463284243863
2.35 38.398196593437
2.36 38.334699396011
2.37 38.27275015287
2.38 38.212306365301
2.39 38.153325534597
2.4 38.095765162038
2.41 38.03958429785
2.42 37.984748187981
2.43 37.931223627325
2.44 37.878977410768
2.45 37.827976333193
2.46 37.778187189493
2.47 37.729576774551
2.48 37.682111883259
2.49 37.635759310502
2.5 37.590485851165
2.51 37.546259521294
2.52 37.503053221564
2.53 37.460841073799
2.54 37.419597199827
2.55 37.379295721481
2.56 37.339910760583
2.57 37.301416438967
2.58 37.263786878459
2.59 37.226996200887
2.6 37.191018528078
2.61 37.15582897075
2.62 37.121406595179
2.63 37.087731456522
2.64 37.054783609944
2.65 37.022543110605
2.66 36.990990013666
2.67 36.960104374288
2.68 36.929866247638
2.69 36.90025568887
2.7 36.871252753151
2.71 36.842838299311
2.72 36.814996400861
2.73 36.787711934978
2.74 36.760969778848
2.75 36.734754809648
2.76 36.709051904558
2.77 36.683845940759
2.78 36.659121795432
2.79 36.634864345758
2.8 36.611058468916
2.81 36.587689684051
2.82 36.564746078158
2.83 36.542216380196
2.84 36.520089319129
2.85 36.498353623913
2.86 36.476998023512
2.87 36.456011246882
2.88 36.435382022986
2.89 36.415099080782
2.9 36.395151149229
2.91 36.375527455334
2.92 36.356219218281
2.93 36.337218155301
2.94 36.31851598362
2.95 36.300104420476
2.96 36.281975183089
2.97 36.264119988693
2.98 36.246530554518
2.99 36.229198597796
3 36.212115835752
3.01 36.195274360918
3.02 36.178667767026
3.03 36.162290023103
3.04 36.146135098177
3.05 36.130196961284
3.06 36.114469581448
3.07 36.098946927699
3.08 36.083622969071
3.09 36.068491674588
3.1 36.053547013285
3.11 36.03878323123
3.12 36.024195682663
3.13 36.009779998867
3.14 35.995531811118
3.15 35.981446750701
3.16 35.967520448894
3.17 35.953748536981
3.18 35.94012664624
3.19 35.92665040795
3.2 35.913315453397
3.21 35.900117617144
3.22 35.887053546893
3.23 35.874120093638
3.24 35.861314108364
3.25 35.848632442065
3.26 35.836071945727
3.27 35.823629470342
3.28 35.811301866899
3.29 35.799085986385
3.3 35.786978679792
3.31 35.774976947869
3.32 35.763078390407
3.33 35.751280756955
3.34 35.739581797065
3.35 35.727979260289
3.36 35.716470896173
3.37 35.705054454271
3.38 35.69372768413
3.39 35.682488335304
3.4 35.671334157344
3.41 35.660263010685
3.42 35.649273199324
3.43 35.638363138143
3.44 35.627531242026
3.45 35.61677592585
3.46 35.606095604503
3.47 35.595488692862
3.48 35.584953605817
3.49 35.574488758243
3.5 35.564092565024
3.51 35.553763522055
3.52 35.543500449272
3.53 35.533302247617
3.54 35.523167818039
3.55 35.513096061481
3.56 35.503085878894
3.57 35.493136171218
3.58 35.483245839402
3.59 35.473413784392
3.6 35.463638907131
3.61 35.453920165863
3.62 35.444256748012
3.63 35.434647898301
3.64 35.425092861447
3.65 35.41559088217
3.66 35.406141205197
3.67 35.39674307524
3.68 35.387395737026
3.69 35.378098435273
3.7 35.368850414702
3.71 35.359650957737
3.72 35.35049949762
3.73 35.341395505291
3.74 35.332338451695
3.75 35.323327807774
3.76 35.314363044472
3.77 35.305443632734
3.78 35.296569043504
3.79 35.287738747721
3.8 35.278952216333
3.81 35.270208944309
3.82 35.261508522741
3.83 35.25285056675
3.84 35.244234691453
3.85 35.235660511972
3.86 35.227127643422
3.87 35.218635700926
3.88 35.210184299603
3.89 35.20177305457
3.9 35.193401580952
3.91 35.185069504454
3.92 35.176776493142
3.93 35.168522225678
3.94 35.160306380716
3.95 35.152128636916
3.96 35.143988672929
3.97 35.135886167422
3.98 35.127820799044
3.99 35.119792246454
4 35.111800188313
4.01 35.103844316274
4.02 35.095924373981
4.03 35.088040118082
4.04 35.080191305221
4.05 35.072377692042
4.06 35.064599035187
4.07 35.056855091304
4.08 35.049145617037
4.09 35.041470369029
4.1 35.033829103927
4.11 35.026221578371
4.12 35.01864754901
4.13 35.011106772487
4.14 35.003599005447
4.15 34.996124004533
4.16 34.98868152639
4.17 34.981271327662
4.18 34.973893164996
4.19 34.966546795032
4.2 34.959231974421
4.21 34.951948459801
4.22 34.944696007821
4.23 34.937474375121
4.24 34.930283318352
4.25 34.923122594152
4.26 34.915991966701
4.27 34.908891230305
4.28 34.901820186797
4.29 34.89477863802
4.3 34.887766385809
4.31 34.880783232003
4.32 34.873828978438
4.33 34.866903426949
4.34 34.860006379377
4.35 34.853137637559
4.36 34.846297003334
4.37 34.839484278536
4.38 34.832699265004
4.39 34.825941764577
4.4 34.819211579088
4.41 34.812508510379
4.42 34.805832360287
4.43 34.799182930649
4.44 34.7925600233
4.45 34.785963440082
4.46 34.779392982827
4.47 34.772848453378
4.48 34.766329653569
4.49 34.759836385237
4.5 34.753368450222
4.51 34.746925662049
4.52 34.740507880994
4.53 34.734114979028
4.54 34.727746828111
4.55 34.721403300213
4.56 34.715084267297
4.57 34.708789601335
4.58 34.702519174286
4.59 34.69627285812
4.6 34.690050524803
4.61 34.6838520463
4.62 34.677677294577
4.63 34.671526141601
4.64 34.665398459338
4.65 34.659294119756
4.66 34.653212994817
4.67 34.647154956488
4.68 34.641119876739
4.69 34.635107627532
4.7 34.629118080836
4.71 34.623151108615
4.72 34.617206582835
4.73 34.611284375462
4.74 34.605384358465
4.75 34.599506403808
4.76 34.593650383454
4.77 34.587816169377
4.78 34.582003633535
4.79 34.576212647899
4.8 34.570443084434
4.81 34.564694815106
4.82 34.558967711878
4.83 34.553261646722
4.84 34.547576491599
4.85 34.541912118481
4.86 34.536268399326
4.87 34.530645206105
4.88 34.525042410787
4.89 34.519459885332
4.9 34.513897501709
4.91 34.508355131884
4.92 34.502832647822
4.93 34.49732992149
4.94 34.491846824856
4.95 34.486383229884
4.96 34.480939008541
4.97 34.475514032791
4.98 34.470108174601
4.99 34.464721305941
5 34.459353298771
5.01 34.454004034945
5.02 34.448673435843
5.03 34.443361432737
5.04 34.43806795689
5.05 34.432792939567
5.06 34.427536312041
5.07 34.422298005576
5.08 34.417077951438
5.09 34.411876080895
5.1 34.406692325214
5.11 34.40152661566
5.12 34.396378883506
5.13 34.391249060012
5.14 34.386137076448
5.15 34.381042864082
5.16 34.37596635418
5.17 34.37090747801
5.18 34.365866166835
5.19 34.360842351927
5.2 34.355835964549
5.21 34.350846935971
5.22 34.345875197459
5.23 34.340920680281
5.24 34.335983315701
5.25 34.331063034987
5.26 34.326159769411
5.27 34.321273450233
5.28 34.316404008722
5.29 34.311551376148
5.3 34.306715483775
5.31 34.301896262869
5.32 34.297093644701
5.33 34.292307560535
5.34 34.287537941639
5.35 34.28278471928
5.36 34.278047824727
5.37 34.27332718924
5.38 34.268622744095
5.39 34.263934420552
5.4 34.259262149882
5.41 34.254605863351
5.42 34.249965492225
5.43 34.245340967772
5.44 34.240732221259
5.45 34.236139183954
5.46 34.231561787122
5.47 34.226999962029
5.48 34.222453639946
5.49 34.217922752136
5.5 34.213407229868
5.51 34.20890700441
5.52 34.204422007028
5.53 34.199952168988
5.54 34.195497421556
5.55 34.191057696003
5.56 34.186632923592
5.57 34.182223035592
5.58 34.177827963271
5.59 34.173447637894
5.6 34.16908199073
5.61 34.164730953042
5.62 34.160394456101
5.63 34.156072431171
5.64 34.151764809523
5.65 34.147471522422
5.66 34.143192501132
5.67 34.138927676925
5.68 34.134676981065
5.69 34.130440344819
5.7 34.126217699456
5.71 34.12200897624
5.72 34.117814106441
5.73 34.113633021323
5.74 34.109465652155
5.75 34.105311930205
5.76 34.101171786738
5.77 34.097045153022
5.78 34.092931960323
5.79 34.088832139908
5.8 34.084745623045
5.81 34.080672341002
5.82 34.076612225043
5.83 34.072565206435
5.84 34.068531216451
5.85 34.064510186349
5.86 34.060502047403
5.87 34.056506730876
5.88 34.05252416804
5.89 34.048554290155
5.9 34.044597028491
5.91 34.040652314318
5.92 34.0367200789
5.93 34.032800253504
5.94 34.028892769398
5.95 34.024997557848
5.96 34.021114550122
5.97 34.017243677485
5.98 34.013384871208
5.99 34.009538062554
6 34.005703182791
6.01 34.001880167766
6.02 33.998068971645
6.03 33.994269553169
6.04 33.990481871083
6.05 33.986705884129
6.06 33.982941551052
6.07 33.979188830597
6.08 33.975447681506
6.09 33.971718062523
6.1 33.967999932394
6.11 33.964293249861
6.12 33.960597973666
6.13 33.956914062553
6.14 33.95324147527
6.15 33.949580170557
6.16 33.945930107159
6.17 33.942291243816
6.18 33.938663539278
6.19 33.935046952285
6.2 33.931441441584
6.21 33.927846965913
6.22 33.924263484019
6.23 33.920690954648
6.24 33.91712933654
6.25 33.91357858844
6.26 33.910038669093
6.27 33.906509537242
6.28 33.902991151629
6.29 33.899483471
6.3 33.895986454096
6.31 33.892500059665
6.32 33.889024246447
6.33 33.885558973188
6.34 33.882104198632
6.35 33.878659881519
6.36 33.875225980596
6.37 33.871802454606
6.38 33.868389262295
6.39 33.864986362402
6.4 33.861593713674
6.41 33.858211274854
6.42 33.854839004687
6.43 33.851476861914
6.44 33.848124805283
6.45 33.84478279353
6.46 33.841450785407
6.47 33.838128739655
6.48 33.834816615015
6.49 33.831514370234
6.5 33.828221964056
6.51 33.824939355222
6.52 33.821666502479
6.53 33.818403364567
6.54 33.815149900231
6.55 33.811906068218
6.56 33.808671827265
6.57 33.805447136123
6.58 33.802231953531
6.59 33.799026238235
6.6 33.795829948979
6.61 33.792643044505
6.62 33.789465483558
6.63 33.786297224881
6.64 33.78313822722
6.65 33.779988449312
6.66 33.77684784991
6.67 33.773716387752
6.68 33.770594021581
6.69 33.767480710146
6.7 33.764376412185
6.71 33.761281086444
6.72 33.758194691667
6.73 33.7551171866
6.74 33.752048529983
6.75 33.74898868056
6.76 33.745937597078
6.77 33.742895238279
6.78 33.739861562905
6.79 33.7368365297
6.8 33.733820097411
6.81 33.730812224778
6.82 33.727812870547
6.83 33.72482199346
6.84 33.721839552264
6.85 33.718865505698
6.86 33.715899812511
6.87 33.712942431442
6.88 33.709993321237
6.89 33.70705244064
6.9 33.704119748395
6.91 33.701195203243
6.92 33.698278763931
6.93 33.695370389203
6.94 33.692470037797
6.95 33.689577668466
6.96 33.686693239947
6.97 33.683816710982
6.98 33.680948040323
6.99 33.678087186706
7 33.675234108878
7.01 33.672388768346
7.02 33.669551137679
7.03 33.666721192206
7.04 33.663898907254
7.05 33.661084258161
7.06 33.658277220249
7.07 33.655477768856
7.08 33.652685879307
7.09 33.649901526937
7.1 33.647124687075
7.11 33.644355335052
7.12 33.641593446197
7.13 33.638838995841
7.14 33.636091959317
7.15 33.633352311951
7.16 33.630620029078
7.17 33.627895086027
7.18 33.625177458128
7.19 33.622467120714
7.2 33.619764049113
7.21 33.617068218655
7.22 33.614379604672
7.23 33.611698182495
7.24 33.609023927454
7.25 33.606356814882
7.26 33.603696820106
7.27 33.601043918457
7.28 33.598398085266
7.29 33.595759295866
7.3 33.593127525585
7.31 33.590502749754
7.32 33.587884943705
7.33 33.585274082767
7.34 33.582670142271
7.35 33.580073097549
7.36 33.57748292393
7.37 33.574899596744
7.38 33.572323091322
7.39 33.569753382997
7.4 33.567190447095
7.41 33.564634258953
7.42 33.562084793896
7.43 33.559542027255
7.44 33.557005934364
7.45 33.554476490554
7.46 33.551953671151
7.47 33.549437451486
7.48 33.546927806894
7.49 33.544424712704
7.5 33.541928144244
7.51 33.539438076848
7.52 33.536954485843
7.53 33.534477346562
7.54 33.532006634336
7.55 33.529542324494
7.56 33.527084392369
7.57 33.524632813287
7.58 33.522187562585
7.59 33.519748615588
7.6 33.517315947629
7.61 33.514889534038
7.62 33.512469350148
7.63 33.510055371287
7.64 33.507647572784
7.65 33.505245929973
7.66 33.502850418183
7.67 33.500461012746
7.68 33.498077688992
7.69 33.495700422249
7.7 33.49332918785
7.71 33.490963961127
7.72 33.488604717409
7.73 33.486251432026
7.74 33.483904080309
7.75 33.481562637588
7.76 33.479227079195
7.77 33.476897380461
7.78 33.474573516714
7.79 33.472255463288
7.8 33.469943195509
7.81 33.467636688713
7.82 33.465335918228
7.83 33.463040859384
7.84 33.460751487512
7.85 33.45846777794
7.86 33.456189706004
7.87 33.453917247033
7.88 33.451650376356
7.89 33.449389069303
7.9 33.447133301206
7.91 33.444883047395
7.92 33.442638283201
7.93 33.440398983957
7.94 33.438165124989
7.95 33.435936681631
7.96 33.433713629211
7.97 33.431495943061
7.98 33.429283598511
7.99 33.427076570894
8 33.424874835538
8.01 33.422678369458
8.02 33.420487156399
8.03 33.418301181792
8.04 33.416120431065
8.05 33.413944889646
8.06 33.411774542966
8.07 33.409609376454
8.08 33.407449375542
8.09 33.405294525656
8.1 33.403144812226
8.11 33.40100022068
8.12 33.398860736448
8.13 33.396726344962
8.14 33.394597031649
8.15 33.392472781939
8.16 33.390353581261
8.17 33.388239415043
8.18 33.386130268716
8.19 33.384026127708
8.2 33.38192697745
8.21 33.379832803371
8.22 33.377743590899
8.23 33.375659325465
8.24 33.373579992498
8.25 33.371505577425
8.26 33.369436065677
8.27 33.367371442683
8.28 33.365311693875
8.29 33.363256804676
8.3 33.361206760522
8.31 33.359161546841
8.32 33.357121149058
8.33 33.355085552606
8.34 33.353054742912
8.35 33.351028705407
8.36 33.349007425521
8.37 33.346990888683
8.38 33.344979080321
8.39 33.342971985863
8.4 33.340969590744
8.41 33.338971880388
8.42 33.336978840225
8.43 33.334990455684
8.44 33.333006712198
8.45 33.331027595191
8.46 33.329053090098
8.47 33.327083182343
8.48 33.325117857359
8.49 33.323157100573
8.5 33.321200897417
8.51 33.319249233318
8.52 33.317302093705
8.53 33.315359464009
8.54 33.313421329659
8.55 33.311487676082
8.56 33.309558488709
8.57 33.307633752973
8.58 33.305713454294
8.59 33.303797578111
8.6 33.301886109849
8.61 33.299979034937
8.62 33.298076338806
8.63 33.296178006883
8.64 33.294284024597
8.65 33.292394377381
8.66 33.290509050663
8.67 33.288628029869
8.68 33.286751300431
8.69 33.284878847781
8.7 33.283010657344
8.71 33.281146714549
8.72 33.279287004828
8.73 33.277431513608
8.74 33.275580226323
8.75 33.273733128395
8.76 33.271890205258
8.77 33.270051442341
8.78 33.268216825074
8.79 33.266386338883
8.8 33.264559969201
8.81 33.262737701456
8.82 33.260919521076
8.83 33.259105413492
8.84 33.257295364132
8.85 33.255489358425
8.86 33.253687381804
8.87 33.251889419693
8.88 33.250095457524
8.89 33.248305480727
8.9 33.246519474732
8.91 33.244737424965
8.92 33.242959316857
8.93 33.241185135836
8.94 33.239414867334
8.95 33.23764849678
8.96 33.235886009602
8.97 33.234127391229
8.98 33.232372627091
8.99 33.230621702615
9 33.228874603235
9.01 33.22713131475
9.02 33.225391824457
9.03 33.223656120022
9.04 33.221924189112
9.05 33.220196019394
9.06 33.218471598541
9.07 33.216750914219
9.08 33.215033954093
9.09 33.213320705831
9.1 33.211611157102
9.11 33.209905295577
9.12 33.208203108918
9.13 33.206504584797
9.14 33.204809710878
9.15 33.203118474834
9.16 33.201430864329
9.17 33.199746867032
9.18 33.198066470611
9.19 33.196389662734
9.2 33.194716431067
9.21 33.193046763281
9.22 33.19138064704
9.23 33.189718070013
9.24 33.188059019872
9.25 33.186403484278
9.26 33.184751450904
9.27 33.183102907416
9.28 33.181457841481
9.29 33.179816240769
9.3 33.178178092945
9.31 33.17654338568
9.32 33.174912106638
9.33 33.17328424349
9.34 33.171659783905
9.35 33.170038715546
9.36 33.168421026085
9.37 33.166806703186
9.38 33.165195734521
9.39 33.163588107754
9.4 33.161983810556
9.41 33.160382830594
9.42 33.158785155534
9.43 33.157190773045
9.44 33.155599670797
9.45 33.154011836454
9.46 33.152427257687
9.47 33.15084592216
9.48 33.149267817544
9.49 33.147692931507
9.5 33.146121251717
9.51 33.144552765839
9.52 33.142987461543
9.53 33.141425326495
9.54 33.139866348367
9.55 33.138310514822
9.56 33.136757813528
9.57 33.135208232159
9.58 33.133661758375
9.59 33.132118379849
9.6 33.130578084244
9.61 33.129040859232
9.62 33.127506692481
9.63 33.125975571658
9.64 33.12444748443
9.65 33.122922418464
9.66 33.121400361429
9.67 33.119881300994
9.68 33.118365224825
9.69 33.116852120589
9.7 33.115341975959
9.71 33.113834778596
9.72 33.112330516172
9.73 33.110829176351
9.74 33.109330746806
9.75 33.107835215201
9.76 33.106342569205
9.77 33.10485279649
9.78 33.103365884714
9.79 33.101881821554
9.8 33.100400594674
9.81 33.098922191741
9.82 33.097446600426
9.83 33.095973808393
9.84 33.094503803312
9.85 33.093036572851
9.86 33.091572104677
9.87 33.090110386459
9.88 33.088651405863
9.89 33.087195150559
9.9 33.085741608211
9.91 33.084290766492
9.92 33.082842613064
9.93 33.081397135602
9.94 33.079954321767
9.95 33.078514159229
9.96 33.07707663566
9.97 33.075641738722
9.98 33.074209456084
9.99 33.072779775419
10 33.071352684387
10.01 33.069928172037
10.02 33.06850623292
10.03 33.067086862961
10.04 33.065670058089
10.05 33.064255814233
10.06 33.062844127319
10.07 33.061434993273
10.08 33.060028408023
10.09 33.0586243675
10.1 33.057222867625
10.11 33.055823904332
10.12 33.054427473544
10.13 33.053033571191
10.14 33.051642193197
10.15 33.050253335495
10.16 33.048866994008
10.17 33.047483164665
10.18 33.046101843395
10.19 33.044723026123
10.2 33.043346708776
10.21 33.041972887283
10.22 33.040601557571
10.23 33.039232715567
10.24 33.037866357199
10.25 33.036502478397
10.26 33.035141075083
10.27 33.033782143189
10.28 33.03242567864
10.29 33.031071677364
10.3 33.02972013529
10.31 33.028371048344
10.32 33.027024412453
10.33 33.025680223545
10.34 33.024338477548
10.35 33.02299917039
10.36 33.021662297995
10.37 33.020327856296
10.38 33.018995841215
10.39 33.017666248685
10.4 33.016339074626
10.41 33.015014314971
10.42 33.013691965649
10.43 33.012372022581
10.44 33.011054481701
10.45 33.009739338931
10.46 33.008426590205
10.47 33.007116231443
10.48 33.005808258576
10.49 33.004502667533
10.5 33.003199454239
10.51 33.001898614622
10.52 33.00060014461
10.53 32.99930404013
10.54 32.998010297108
10.55 32.996718911477
10.56 32.995429879157
10.57 32.994143196081
10.58 32.992858858174
10.59 32.991576861365
10.6 32.99029720158
10.61 32.989019874746
10.62 32.987744876791
10.63 32.986472203643
10.64 32.985201851231
10.65 32.983933815477
10.66 32.982668092315
10.67 32.98140467767
10.68 32.980143567466
10.69 32.978884757637
10.7 32.977628244106
10.71 32.976374022799
10.72 32.975122089649
10.73 32.973872440579
10.74 32.972625071516
10.75 32.971379978391
10.76 32.970137157131
10.77 32.968896603659
10.78 32.967658313909
10.79 32.966422283802
10.8 32.965188509272
10.81 32.963956986239
10.82 32.962727710637
10.83 32.961500678389
10.84 32.960275885425
10.85 32.959053327673
10.86 32.957833001058
10.87 32.95661490151
10.88 32.955399024952
10.89 32.954185367317
10.9 32.952973924528
10.91 32.951764692518
10.92 32.950557667209
10.93 32.949352844531
10.94 32.948150220411
10.95 32.946949790774
10.96 32.945751551551
10.97 32.94455549867
10.98 32.943361628054
10.99 32.942169935634
11 32.940980417339
11.01 32.939793069091
11.02 32.938607886821
11.03 32.937424866457
11.04 32.936244003924
11.05 32.935065295152
11.06 32.933888736066
11.07 32.932714322596
11.08 32.931542050669
11.09 32.930371916211
11.1 32.929203915149
11.11 32.928038043414
11.12 32.926874296928
11.13 32.925712671622
11.14 32.924553163424
11.15 32.923395768261
11.16 32.922240482059
11.17 32.921087300745
11.18 32.919936220251
11.19 32.9187872365
11.2 32.917640345419
11.21 32.916495542939
11.22 32.915352824985
11.23 32.914212187482
11.24 32.913073626364
11.25 32.911937137556
11.26 32.910802716981
11.27 32.909670360573
11.28 32.908540064254
11.29 32.907411823954
11.3 32.906285635602
11.31 32.905161495122
11.32 32.904039398445
11.33 32.902919341493
11.34 32.9018013202
11.35 32.90068533049
11.36 32.899571368289
11.37 32.89845942953
11.38 32.897349510133
11.39 32.896241606033
11.4 32.895135713151
11.41 32.894031827419
11.42 32.892929944763
11.43 32.891830061107
11.44 32.890732172383
11.45 32.889636274518
11.46 32.88854236344
11.47 32.887450435073
11.48 32.886360485344
11.49 32.885272510188
11.5 32.884186505525
11.51 32.883102467284
11.52 32.882020391393
11.53 32.88094027378
11.54 32.879862110374
11.55 32.878785897097
11.56 32.877711629882
11.57 32.876639304654
11.58 32.875568917343
11.59 32.874500463873
11.6 32.873433940173
11.61 32.87236934217
11.62 32.871306665792
11.63 32.870245906965
11.64 32.869187061621
11.65 32.868130125681
11.66 32.867075095076
11.67 32.866021965734
11.68 32.86497073358
11.69 32.863921394544
11.7 32.862873944555
11.71 32.861828379534
11.72 32.860784695413
11.73 32.859742888121

