1.5 58.026313902702
1.51 57.452140495855
1.52 56.894118086188
1.53 56.351879085824
1.54 55.825055906884
1.55 55.313280961485
1.56 54.816186661752
1.57 54.333405419801
1.58 53.864569647756
1.59 53.409311757739
1.6 52.967264161866
1.61 52.538053296012
1.62 52.121281691055
1.63 51.71654590162
1.64 51.32344248234
1.65 50.941567987845
1.66 50.570518972758
1.67 50.209891991714
1.68 49.859283599338
1.69 49.518290350259
1.7 49.186508799108
1.71 48.863565381755
1.72 48.549206059047
1.73 48.243206673069
1.74 47.94534306591
1.75 47.655391079657
1.76 47.373126556399
1.77 47.098325338224
1.78 46.83076326722
1.79 46.570216185472
1.8 46.316459935072
1.81 46.069284601284
1.82 45.828537242088
1.83 45.59407915864
1.84 45.365771652103
1.85 45.143476023632
1.86 44.927053574387
1.87 44.716365605523
1.88 44.511273418206
1.89 44.311638313586
1.9 44.117321592826
1.91 43.928169688724
1.92 43.743969560634
1.93 43.564493299556
1.94 43.389512996487
1.95 43.218800742425
1.96 43.052128628365
1.97 42.889268745308
1.98 42.729993184244
1.99 42.574074036178
2 42.421283392103
2.01 42.27147657183
2.02 42.124841810413
2.03 41.981650571721
2.04 41.842174319623
2.05 41.706684517989
2.06 41.575452630688
2.07 41.448750121584
2.08 41.326848454549
2.09 41.210019093453
2.1 41.098533502158
2.11 40.99250762524
2.12 40.891435330075
2.13 40.794654964745
2.14 40.701504877323
2.15 40.611323415897
2.16 40.523448928541
2.17 40.437219763337
2.18 40.351974268363
2.19 40.267050791701
2.2 40.181787681429
2.21 40.095700826925
2.22 40.009016282751
2.23 39.922137644772
2.24 39.835468508852
2.25 39.749412470853
2.26 39.664373126636
2.27 39.580754072062
2.28 39.498958902994
2.29 39.419391215299
2.3 39.342454604836
2.31 39.268450660244
2.32 39.197272941283
2.33 39.128713000478
2.34 39.062562390368
2.35 38.998612663487
2.36 38.936655372363
2.37 38.87648206953
2.38 38.817884307523
2.39 38.760653638875
2.4 38.704581616116
2.41 38.649495857126
2.42 38.595368241164
2.43 38.542206712832
2.44 38.490019216737
2.45 38.438813697479
2.46 38.388598099663
2.47 38.339380367895
2.48 38.291168446775
2.49 38.24397028091
2.5 38.197793814901
2.51 38.152639805746
2.52 38.108480259999
2.53 38.065279996616
2.54 38.023003834542
2.55 37.981616592732
2.56 37.94108309013
2.57 37.901368145691
2.58 37.862436578364
2.59 37.824253207095
2.6 37.786782850839
2.61 37.7499937559
2.62 37.71386787801
2.63 37.678390600259
2.64 37.643547305732
2.65 37.609323377519
2.66 37.575704198708
2.67 37.542675152386
2.68 37.510221621644
2.69 37.478328989568
2.7 37.446982639247
2.71 37.416168114905
2.72 37.385871605314
2.73 37.356079460377
2.74 37.326778030005
2.75 37.2979536641
2.76 37.269592712572
2.77 37.241681525326
2.78 37.21420645227
2.79 37.187153843309
2.8 37.160510048349
2.81 37.134262171689
2.82 37.108400335191
2.83 37.082915415106
2.84 37.057798287687
2.85 37.033039829184
2.86 37.008630915853
2.87 36.984562423941
2.88 36.960825229704
2.89 36.937410209396
2.9 36.914308239263
2.91 36.891510578398
2.92 36.869010017223
2.93 36.846799729
2.94 36.824872886991
2.95 36.803222664456
2.96 36.781842234656
2.97 36.760724770851
2.98 36.739863446301
2.99 36.71925143427
3 36.698881908015
3.01 36.678748360778
3.02 36.658845565707
3.03 36.639168615929
3.04 36.619712604576
3.05 36.60047262477
3.06 36.581443769641
3.07 36.562621132318
3.08 36.543999805929
3.09 36.525574883599
3.1 36.507341458459
3.11 36.489294839534
3.12 36.471431199459
3.13 36.453746926763
3.14 36.436238409979
3.15 36.418902037641
3.16 36.401734198279
3.17 36.384731280426
3.18 36.367889672612
3.19 36.351205763371
3.2 36.334675941234
3.21 36.318296751586
3.22 36.302065367222
3.23 36.285979117783
3.24 36.270035332914
3.25 36.254231342264
3.26 36.238564475472
3.27 36.223032062189
3.28 36.207631432057
3.29 36.192359914723
3.3 36.177214839826
3.31 36.162193648992
3.32 36.147294231729
3.33 36.132514589524
3.34 36.117852723864
3.35 36.103306636237
3.36 36.08887432813
3.37 36.074553801026
3.38 36.060343056415
3.39 36.04624009578
3.4 36.032242920609
3.41 36.018349614267
3.42 36.004558587635
3.43 35.990868333464
3.44 35.977277344516
3.45 35.963784113543
3.46 35.950387133305
3.47 35.937084896554
3.48 35.923875896052
3.49 35.910758624555
3.5 35.897731574816
3.51 35.884793299842
3.52 35.871942593645
3.53 35.859178310477
3.54 35.846499304597
3.55 35.833904430266
3.56 35.821392541734
3.57 35.808962493263
3.58 35.796613139112
3.59 35.784343333535
3.6 35.772151930789
3.61 35.760037829228
3.62 35.748000103575
3.63 35.736037872654
3.64 35.724150255282
3.65 35.712336370284
3.66 35.700595336478
3.67 35.688926272684
3.68 35.677328297724
3.69 35.665800530419
3.7 35.654342089586
3.71 35.642952125347
3.72 35.63162991301
3.73 35.62037475918
3.74 35.609185970465
3.75 35.598062853474
3.76 35.587004714812
3.77 35.576010861086
3.78 35.565080598899
3.79 35.554213234866
3.8 35.543408075586
3.81 35.53266445085
3.82 35.521981783174
3.83 35.511359518252
3.84 35.500797101776
3.85 35.490293979446
3.86 35.479849596951
3.87 35.469463399993
3.88 35.459134834263
3.89 35.448863345458
3.9 35.438648379271
3.91 35.428489392235
3.92 35.418385884227
3.93 35.40833736596
3.94 35.39834334815
3.95 35.388403341504
3.96 35.378516856741
3.97 35.368683404571
3.98 35.35890249571
3.99 35.34917364087
4 35.339496350765
4.01 35.32987015579
4.02 35.320294665074
4.03 35.310769507425
4.04 35.301294311653
4.05 35.291868706568
4.06 35.282492320984
4.07 35.273164783706
4.08 35.263885723546
4.09 35.254654769313
4.1 35.24547154982
4.11 35.236335693873
4.12 35.227246830285
4.13 35.218204587864
4.14 35.209208595424
4.15 35.200258481769
4.16 35.191353875712
4.17 35.182494406064
4.18 35.173679701635
4.19 35.164909391233
4.2 35.156183103669
4.21 35.147500467754
4.22 35.138861112295
4.23 35.130264666104
4.24 35.121710757995
4.25 35.11319901677
4.26 35.104729085147
4.27 35.096300661444
4.28 35.087913457885
4.29 35.079567186695
4.3 35.071261560092
4.31 35.062996290301
4.32 35.054771089548
4.33 35.04658567005
4.34 35.038439744035
4.35 35.030333023724
4.36 35.022265221337
4.37 35.014236049103
4.38 35.00624521924
4.39 34.99829244397
4.4 34.990377435521
4.41 34.982499906113
4.42 34.974659567969
4.43 34.966856133311
4.44 34.959089314362
4.45 34.951358823346
4.46 34.943664372485
4.47 34.936005674001
4.48 34.928382440121
4.49 34.920794383062
4.5 34.91324121505
4.51 34.905722661733
4.52 34.898238502455
4.53 34.890788529989
4.54 34.883372537103
4.55 34.875990316569
4.56 34.868641661156
4.57 34.861326363635
4.58 34.854044216779
4.59 34.846795013354
4.6 34.839578546134
4.61 34.832394607888
4.62 34.825242991388
4.63 34.818123489402
4.64 34.811035894703
4.65 34.803980000056
4.66 34.796955598239
4.67 34.789962482019
4.68 34.783000444166
4.69 34.776069277452
4.7 34.769168774645
4.71 34.762298728517
4.72 34.755458931839
4.73 34.748649177381
4.74 34.741869257913
4.75 34.735118966207
4.76 34.728398095031
4.77 34.721706437154
4.78 34.715043785355
4.79 34.708409932395
4.8 34.70180467105
4.81 34.695227794088
4.82 34.688679094278
4.83 34.682158364396
4.84 34.675665397207
4.85 34.669199985485
4.86 34.662761921997
4.87 34.656350999518
4.88 34.649967010813
4.89 34.643609748657
4.9 34.637279005818
4.91 34.63097457507
4.92 34.624696249177
4.93 34.618443820917
4.94 34.612217083054
4.95 34.606015828361
4.96 34.599839849612
4.97 34.593688939571
4.98 34.587562891013
4.99 34.581461496708
5 34.575384549424
5.01 34.569331859144
5.02 34.563303304701
5.03 34.55729878213
5.04 34.551318187476
5.05 34.545361416776
5.06 34.539428366074
5.07 34.533518931413
5.08 34.527633008827
5.09 34.521770494362
5.1 34.515931284057
5.11 34.510115273952
5.12 34.504322360088
5.13 34.498552438508
5.14 34.492805405253
5.15 34.487081156361
5.16 34.481379587872
5.17 34.475700595832
5.18 34.470044076276
5.19 34.464409925248
5.2 34.458798038788
5.21 34.45320831294
5.22 34.44764064374
5.23 34.442094927229
5.24 34.43657105945
5.25 34.431068936443
5.26 34.425588454249
5.27 34.42012950891
5.28 34.414691996464
5.29 34.409275812955
5.3 34.403880854421
5.31 34.398507016904
5.32 34.393154196446
5.33 34.387822289086
5.34 34.382511190865
5.35 34.377220797823
5.36 34.371951006003
5.37 34.366701711444
5.38 34.361472810189
5.39 34.356264198276
5.4 34.351075771749
5.41 34.345907426645
5.42 34.340759059007
5.43 34.335630564876
5.44 34.330521840292
5.45 34.325432781297
5.46 34.32036328393
5.47 34.315313244232
5.48 34.310282558246
5.49 34.30527112201
5.5 34.300278831565
5.51 34.295305582957
5.52 34.290351272218
5.53 34.285415795396
5.54 34.280499048529
5.55 34.275600927657
5.56 34.270721328824
5.57 34.265860148068
5.58 34.261017281429
5.59 34.25619262495
5.6 34.251386074672
5.61 34.246597526632
5.62 34.241826876878
5.63 34.237074021444
5.64 34.232338856373
5.65 34.227621277707
5.66 34.222921181485
5.67 34.218238463746
5.68 34.213573020538
5.69 34.208924747895
5.7 34.204293541861
5.71 34.199679298473
5.72 34.195081913777
5.73 34.190501283813
5.74 34.185937304619
5.75 34.181389872235
5.76 34.176858882705
5.77 34.17234423207
5.78 34.167845816368
5.79 34.163363531639
5.8 34.15889727393
5.81 34.154446939275
5.82 34.15001242372
5.83 34.1455936233
5.84 34.141190434062
5.85 34.136802752044
5.86 34.132430473285
5.87 34.128073493829
5.88 34.123731709713
5.89 34.119405016982
5.9 34.115093311676
5.91 34.110796489832
5.92 34.106514447496
5.93 34.102247080706
5.94 34.097994285501
5.95 34.093755957926
5.96 34.089531994019
5.97 34.085322289822
5.98 34.081126741373
5.99 34.076945244719
6 34.072777695893
6.01 34.068623999772
6.02 34.064484096541
6.03 34.060357935225
6.04 34.056245464836
6.05 34.052146634402
6.06 34.048061392936
6.07 34.043989689457
6.08 34.039931472989
6.09 34.035886692551
6.1 34.031855297159
6.11 34.027837235835
6.12 34.023832457599
6.13 34.019840911468
6.14 34.015862546463
6.15 34.011897311603
6.16 34.007945155908
6.17 34.004006028396
6.18 34.000079878088
6.19 33.996166654005
6.2 33.992266305163
6.21 33.988378780584
6.22 33.984504029287
6.23 33.98064200029
6.24 33.976792642612
6.25 33.972955905275
6.26 33.969131737299
6.27 33.965320087702
6.28 33.961520905502
6.29 33.957734139719
6.3 33.953959739374
6.31 33.950197653487
6.32 33.946447831077
6.33 33.942710221161
6.34 33.938984772759
6.35 33.935271434892
6.36 33.931570156581
6.37 33.927880886842
6.38 33.924203574696
6.39 33.920538169165
6.4 33.916884619264
6.41 33.913242874013
6.42 33.909612882434
6.43 33.905994593546
6.44 33.902387956369
6.45 33.89879291992
6.46 33.895209433219
6.47 33.891637445287
6.48 33.888076905143
6.49 33.884527761805
6.5 33.880989964295
6.51 33.877463461633
6.52 33.873948202834
6.53 33.870444136919
6.54 33.86695121291
6.55 33.863469379825
6.56 33.859998586686
6.57 33.856538782505
6.58 33.85308991631
6.59 33.849651937116
6.6 33.846224793944
6.61 33.842808435811
6.62 33.83940281174
6.63 33.836007870747
6.64 33.832623561854
6.65 33.829249834082
6.66 33.825886636446
6.67 33.822533917966
6.68 33.819191627667
6.69 33.815859714563
6.7 33.812538127673
6.71 33.809226816021
6.72 33.805925728624
6.73 33.8026348145
6.74 33.799354022669
6.75 33.796083302155
6.76 33.79282260197
6.77 33.78957187114
6.78 33.786331058681
6.79 33.783100113612
6.8 33.779878984957
6.81 33.776667621729
6.82 33.773465972954
6.83 33.770273987644
6.84 33.767091614826
6.85 33.763918803515
6.86 33.76075550273
6.87 33.757601661493
6.88 33.754457228823
6.89 33.751322153739
6.9 33.748196385261
6.91 33.745079872406
6.92 33.741972564196
6.93 33.738874409652
6.94 33.73578535779
6.95 33.732705357629
6.96 33.729634358194
6.97 33.726572308496
6.98 33.723519157563
6.99 33.72047485441
7 33.717439348055
7.01 33.714412591059
7.02 33.711394550133
7.03 33.708385195522
7.04 33.705384497476
7.05 33.702392426241
7.06 33.699408952071
7.07 33.696434045212
7.08 33.693467675912
7.09 33.690509814417
7.1 33.687560430981
7.11 33.684619495849
7.12 33.68168697927
7.13 33.678762851492
7.14 33.675847082766
7.15 33.672939643337
7.16 33.670040503456
7.17 33.667149633371
7.18 33.664267003328
7.19 33.661392583578
7.2 33.658526344371
7.21 33.655668255953
7.22 33.652818288571
7.23 33.649976412478
7.24 33.647142597919
7.25 33.644316815146
7.26 33.641499034403
7.27 33.63868922594
7.28 33.635887360009
7.29 33.633093406853
7.3 33.630307336723
7.31 33.62752911987
7.32 33.62475872654
7.33 33.621996126978
7.34 33.61924129144
7.35 33.616494190171
7.36 33.613754793417
7.37 33.611023071428
7.38 33.608298994455
7.39 33.605582532744
7.4 33.602873656546
7.41 33.600172336106
7.42 33.597478541675
7.43 33.5947922435
7.44 33.592113411828
7.45 33.589442016913
7.46 33.586778029
7.47 33.584121418338
7.48 33.581472155172
7.49 33.578830209757
7.5 33.576195552337
7.51 33.573568153162
7.52 33.57094798248
7.53 33.568335010539
7.54 33.56572920759
7.55 33.563130543878
7.56 33.560538989656
7.57 33.557954515168
7.58 33.555377090663
7.59 33.552806686392
7.6 33.550243272602
7.61 33.547686819541
7.62 33.545137297462
7.63 33.542594676606
7.64 33.540058927226
7.65 33.53753001957
7.66 33.535007923887
7.67 33.532492610423
7.68 33.52998404943
7.69 33.527482211153
7.7 33.524987065843
7.71 33.522498583747
7.72 33.520016735117
7.73 33.517541490198
7.74 33.515072819236
7.75 33.512610692488
7.76 33.510155080194
7.77 33.507705952607
7.78 33.505263279971
7.79 33.502827032542
7.8 33.500397180561
7.81 33.497973694284
7.82 33.495556543952
7.83 33.493145699818
7.84 33.490741132129
7.85 33.488342811134
7.86 33.48595070708
7.87 33.483564790218
7.88 33.481185030797
7.89 33.478811399062
7.9 33.476443865262
7.91 33.47408239965
7.92 33.47172697247
7.93 33.469377553972
7.94 33.467034114403
7.95 33.464696624013
7.96 33.462365053052
7.97 33.460039371766
7.98 33.457719550404
7.99 33.455405559216
8 33.453097368448
8.01 33.450794950537
8.02 33.448498286659
8.03 33.446207360179
8.04 33.443922154463
8.05 33.441642652873
8.06 33.439368838773
8.07 33.437100695526
8.08 33.434838206499
8.09 33.432581355057
8.1 33.430330124562
8.11 33.428084498377
8.12 33.425844459867
8.13 33.423609992398
8.14 33.421381079331
8.15 33.419157704034
8.16 33.416939849867
8.17 33.414727500196
8.18 33.412520638389
8.19 33.410319247804
8.2 33.408123311807
8.21 33.405932813765
8.22 33.403747737037
8.23 33.401568064993
8.24 33.399393780994
8.25 33.397224868402
8.26 33.395061310587
8.27 33.392903090905
8.28 33.390750192728
8.29 33.388602599418
8.3 33.386460294337
8.31 33.384323260849
8.32 33.38219148232
8.33 33.380064942114
8.34 33.377943623595
8.35 33.375827510127
8.36 33.373716585074
8.37 33.371610831799
8.38 33.369510233668
8.39 33.367414774044
8.4 33.365324436294
8.41 33.363239203778
8.42 33.361159059862
8.43 33.359083987909
8.44 33.357013971284
8.45 33.354948993353
8.46 33.35288903748
8.47 33.350834087026
8.48 33.348784125355
8.49 33.346739135836
8.5 33.344699101828
8.51 33.342664006697
8.52 33.340633833807
8.53 33.338608566525
8.54 33.336588188212
8.55 33.334572682231
8.56 33.33256203195
8.57 33.33055622073
8.58 33.328555231936
8.59 33.326559048933
8.6 33.324567655086
8.61 33.322581033756
8.62 33.320599168307
8.63 33.318622042109
8.64 33.316649638519
8.65 33.314681940906
8.66 33.312718932631
8.67 33.310760597062
8.68 33.308806917558
8.69 33.306857877488
8.7 33.304913460214
8.71 33.3029736491
8.72 33.301038427508
8.73 33.299107778808
8.74 33.297181686358
8.75 33.295260133526
8.76 33.293343103675
8.77 33.291430580169
8.78 33.289522546372
8.79 33.287618985648
8.8 33.28571988136
8.81 33.283825216876
8.82 33.281934975556
8.83 33.280049140769
8.84 33.278167695873
8.85 33.276290624238
8.86 33.274417909224
8.87 33.272549534195
8.88 33.270685482519
8.89 33.268825737557
8.9 33.266970282673
8.91 33.265119101234
8.92 33.263272176602
8.93 33.261429492141
8.94 33.259591031214
8.95 33.257756777188
8.96 33.255926713428
8.97 33.254100823292
8.98 33.252279090153
8.99 33.250461497367
9 33.248648028301
9.01 33.246838666777
9.02 33.245033398444
9.03 33.243232209402
9.04 33.241435085763
9.05 33.239642013625
9.06 33.237852979095
9.07 33.23606796828
9.08 33.234286967284
9.09 33.232509962211
9.1 33.230736939162
9.11 33.228967884249
9.12 33.227202783572
9.13 33.22544162324
9.14 33.223684389353
9.15 33.221931068016
9.16 33.220181645339
9.17 33.21843610742
9.18 33.216694440369
9.19 33.214956630289
9.2 33.213222663284
9.21 33.21149252546
9.22 33.209766202923
9.23 33.208043681775
9.24 33.206324948122
9.25 33.204609988069
9.26 33.20289878772
9.27 33.201191333178
9.28 33.199487610553
9.29 33.197787605948
9.3 33.196091305464
9.31 33.19439869521
9.32 33.192709761289
9.33 33.191024489807
9.34 33.189342866867
9.35 33.187664878577
9.36 33.185990511036
9.37 33.184319750353
9.38 33.182652582635
9.39 33.180988993981
9.4 33.1793289705
9.41 33.177672498295
9.42 33.176019563473
9.43 33.174370152135
9.44 33.172724250389
9.45 33.171081844337
9.46 33.169442920088
9.47 33.167807463745
9.48 33.166175461408
9.49 33.164546899189
9.5 33.162921763191
9.51 33.161300039514
9.52 33.15968171427
9.53 33.158066773559
9.54 33.156455203484
9.55 33.154846990156
9.56 33.153242119674
9.57 33.151640578148
9.58 33.150042351679
9.59 33.148447426373
9.6 33.146855788332
9.61 33.145267423667
9.62 33.143682318478
9.63 33.142100458871
9.64 33.140521830953
9.65 33.138946420825
9.66 33.137374214593
9.67 33.135805198362
9.68 33.134239358239
9.69 33.132676680326
9.7 33.131117150729
9.71 33.129560755552
9.72 33.128007480901
9.73 33.126457312878
9.74 33.124910237593
9.75 33.123366241145
9.76 33.121825309643
9.77 33.120287429188
9.78 33.11875258589
9.79 33.117220765849
9.8 33.115691955174
9.81 33.114166139964
9.82 33.11264330633
9.83 33.111123440375
9.84 33.109606528199
9.85 33.108092555915
9.86 33.106581509621
9.87 33.105073375425
9.88 33.103568139429
9.89 33.102065787742
9.9 33.100566306466
9.91 33.099069681706
9.92 33.09757589957
9.93 33.096084946158
9.94 33.094596807576
9.95 33.09311146993
9.96 33.091628919325
9.97 33.090149141866
9.98 33.088672123657
9.99 33.087197850802
10 33.085726309407
10.01 33.084257487169
10.02 33.082791378157
10.03 33.08132797803
10.04 33.079867282454
10.05 33.078409287085
10.06 33.076953987588
10.07 33.075501379622
10.08 33.074051458848
10.09 33.072604220928
10.1 33.071159661524
10.11 33.069717776296
10.12 33.068278560908
10.13 33.066842011017
10.14 33.065408122284
10.15 33.063976890374
10.16 33.062548310948
10.17 33.061122379662
10.18 33.059699092184
10.19 33.058278444169
10.2 33.056860431282
10.21 33.055445049185
10.22 33.054032293535
10.23 33.052622159999
10.24 33.051214644234
10.25 33.049809741899
10.26 33.048407448662
10.27 33.047007760179
10.28 33.045610672113
10.29 33.044216180124
10.3 33.042824279874
10.31 33.041434967026
10.32 33.040048237237
10.33 33.038664086174
10.34 33.037282509493
10.35 33.035903502856
10.36 33.034527061926
10.37 33.033153182364
10.38 33.03178185983
10.39 33.030413089986
10.4 33.029046868494
10.41 33.027683191013
10.42 33.026322053205
10.43 33.024963450735
10.44 33.023607379257
10.45 33.022253834436
10.46 33.020902811936
10.47 33.019554307415
10.48 33.018208316531
10.49 33.016864834953
10.5 33.015523858336
10.51 33.014185382342
10.52 33.012849402636
10.53 33.011515914875
10.54 33.010184914722
10.55 33.008856397838
10.56 33.007530359882
10.57 33.006206796522
10.58 33.004885703411
10.59 33.003567076214
10.6 33.002250910592
10.61 33.000937202208
10.62 32.99962594672
10.63 32.998317139788
10.64 32.997010777079
10.65 32.995706854251
10.66 32.994405366964
10.67 32.993106310879
10.68 32.99180968166
10.69 32.990515474968
10.7 32.989223686461
10.71 32.987934311803
10.72 32.986647346653
10.73 32.985362786674
10.74 32.984080627525
10.75 32.98280086487
10.76 32.98152349437
10.77 32.980248511686
10.78 32.978975912476
10.79 32.977705692405
10.8 32.976437847133
10.81 32.975172372319
10.82 32.973909263627
10.83 32.97264851672
10.84 32.971390127252
10.85 32.970134090892
10.86 32.968880403299
10.87 32.967629060129
10.88 32.966380057052
10.89 32.965133389721
10.9 32.963889053802
10.91 32.962647044954
10.92 32.96140735884
10.93 32.960169991123
10.94 32.958934937459
10.95 32.957702193511
10.96 32.956471754941
10.97 32.95524361741
10.98 32.954017776579
10.99 32.952794228112
11 32.951572967665
11.01 32.950353990903
11.02 32.949137293487
11.03 32.947922871076
11.04 32.946710719333
11.05 32.945500833917
11.06 32.944293210494
11.07 32.943087844717
11.08 32.941884732256
11.09 32.940683868769
11.1 32.939485249914
11.11 32.938288871357
11.12 32.937094728755
11.13 32.935902817774
11.14 32.934713134071
11.15 32.933525673307
11.16 32.932340431147
11.17 32.931157403249
11.18 32.929976585276
11.19 32.928797972888
11.2 32.927621561745
11.21 32.92644734751
11.22 32.925275325847
11.23 32.924105492412
11.24 32.922937842867
11.25 32.921772372877
11.26 32.920609078098
11.27 32.919447954197
11.28 32.918288996831
11.29 32.91713220166
11.3 32.915977564349
11.31 32.914825080561
11.32 32.91367474595
11.33 32.912526556181
11.34 32.911380506916
11.35 32.910236593816
11.36 32.909094812543
11.37 32.907955158754
11.38 32.906817628115
11.39 32.905682216284
11.4 32.904548918925
11.41 32.903417731697
11.42 32.902288650261
11.43 32.90116167028
11.44 32.900036787413
11.45 32.898913997325
11.46 32.897793295673
11.47 32.896674678119
11.48 32.895558140325
11.49 32.894443677952
11.5 32.893331286662
11.51 32.892220962117
11.52 32.891112699975
11.53 32.890006495898
11.54 32.888902345552
11.55 32.88780024459
11.56 32.886700188681
11.57 32.885602173481
11.58 32.884506194653
11.59 32.883412247858
11.6 32.882320328757
11.61 32.881230433013
11.62 32.880142556285
11.63 32.879056694234
11.64 32.877972842523
11.65 32.876890996812
11.66 32.875811152763
11.67 32.874733306035
11.68 32.873657452294
11.69 32.872583587196
11.7 32.871511706403
11.71 32.87044180558
11.72 32.869373880384
11.73 32.868307926479

